0    3.21872519956634e-18    4.36052561246514e-18    0.00023463339495168    0.00128083666707566    0.0153177477114516    0.0357887785077343
0.1    -1.19482759088432e-11    -2.28482085434491e-10    0.000194433292519831    0.0010272498581473    0.0139439338968539    0.0320507388081351
0.2    -4.24898905698799e-11    -3.82917336703856e-10    0.00016336648269696    0.000845249699923217    0.0127814898465304    0.0290731783594986
0.3    -8.56509127741844e-11    -4.87157977731967e-10    0.00013886459096414    0.000709611212062293    0.0117840821010437    0.0266385287142945
0.4    -1.37241726799265e-10    -5.54336553578377e-10    0.000119269265460297    0.000605023786109394    0.0109210469031269    0.0245972312691773
0.5    -1.93871517579393e-10    -5.88229723848114e-10    0.000103451372803173    0.000521920394384986    0.0101711047975711    0.0228455771296106
0.6    -2.52163550009863e-10    -5.86199580033826e-10    9.05950440682117e-05    0.000454238719666252    0.0095181428896719    0.0213128768510084
0.7    -3.08327080843419e-10    -5.4345637980737e-10    8.00764122279009e-05    0.000398115785116747    0.00894854246388208    0.0199528390239772
0.8    -3.5817213919496e-10    -4.57581894870409e-10    7.1398418839313e-05    0.000351066401820945    0.00844975850775114    0.01873676604489
0.900000000000001    -3.97529900660152e-10    -3.31982382863968e-10    6.41582561414827e-05    0.000311438319590156    0.00800988490188733    0.0176476151247174
1    -4.22916570653445e-10    -1.77208351575347e-10    5.80321783930409e-05    0.000278047334519726    0.0076178854279282    0.0166747514080338
1.1    -4.322044103582e-10    -9.75096436395555e-12    5.27675998012496e-05    0.000249944299786302    0.0072641310424062    0.0158096268073064
1.2    -4.25064226475751e-10    1.51243623770171e-10    4.81762675905605e-05    0.000226284703491265    0.00694091259061518    0.0150427624953419
1.3    -4.03023913472184e-10    2.88206650543765e-10    4.41254224259332e-05    0.000206276244892399    0.00664269692413654    0.0143623203171493
1.4    -3.69119561960968e-10    3.88874250469453e-10    4.0526304356174e-05    0.000189179601620968    0.0063660273606209    0.0137542575815988
1.5    -3.27255134607193e-10    4.48235903064796e-10    3.73210386403438e-05    0.000174337414770118    0.00610909474802476    0.0132036894378093
1.6    -2.81486382398732e-10    4.68044138588939e-10    3.44697750916507e-05    0.000161208901433769    0.00587109658340336    0.012696806741609
1.7    -2.35469217705502e-10    4.54072236423077e-10    3.19400042608137e-05    0.000149392956210121    0.00565154883733775    0.0122226411307099
1.8    -1.92253698731213e-10    4.12099597761295e-10    2.96994123568408e-05    0.000138630248688531    0.00544971672262337    0.0117741347320528
1.9    -1.54480831857144e-10    3.44072992315207e-10    2.77127377964186e-05    0.000128783003465326    0.00526428891650321    0.0113482599311668
2    -1.24892064070725e-10    2.45873782704054e-10    2.59421583263329e-05    0.000119798054435379    0.00509334451282582    0.010945229757085
2.1    -1.0694007688474e-10    1.07614670112427e-10    2.4350028810071e-05    0.000111662992235673    0.00493457483579598    0.0105670711285423
2.2    -1.05237682691244e-10    -8.34441473579884e-11    2.29024672128448e-05    0.00010436613867743    0.00478565222439375    0.0102159746807355
2.29999999999999    -1.25616688263365e-10    -3.3816132809108e-10    2.15723859434616e-05    9.78689329483318e-05    0.00464460826587793    0.00989287283595274
2.39999999999999    -1.74684537864735e-10    -6.60424702316372e-10    2.03410059127329e-05    9.20950920768432e-05    0.00451010043266587    0.00959661878355303
2.49999999999999    -2.58926162555892e-10    -1.04337751650416e-09    1.91975093267726e-05    8.69360177484232e-05    0.00438149624292576    0.00932394861356615
2.59999999999999    -3.83553909593932e-10    -1.46831913675756e-09    1.81370952756135e-05    8.22677723483998e-05    0.00425876687265379    0.00907015834196943
2.69999999999999    -5.51409439672639e-10    -1.90689106275841e-09    1.71581378841174e-05    7.79725793580956e-05    0.00414223826983879    0.00883020834171493
2.79999999999998    -7.62235486566611e-10    -2.32620180165192e-09    1.62593163144438e-05    7.39576501104005e-05    0.00403228425516397    0.00859986337742613
2.89999999999998    -1.01255575769086e-09    -2.69566572132123e-09    1.543748059539e-05    7.01659760403409e-05    0.00392905594200299    0.00837651335821377
2.99999999999998    -1.29624885245167e-09    -2.99379427148894e-09    1.46867056117914e-05    6.65768047733213e-05    0.00383232378744147    0.00815946105899846
3.09999999999998    -1.6057207484685e-09    -3.21314054168736e-09    1.39985848649641e-05    6.3196831624479e-05    0.00374146827662103    0.0079496434904006
3.19999999999998    -1.93342014578161e-09    -3.3620670715983e-09    1.3363453078185e-05    6.00457262580093e-05    0.00365560570606038    0.00774891774753081
3.29999999999997    -2.2733481566768e-09    -3.46284097238507e-09    1.27720025379975e-05    5.71408309118665e-05    0.00357379385779207    0.00755915543641315
3.39999999999997    -2.62221154727644e-09    -3.546516239063e-09    1.22167200439609e-05    5.4485526922527e-05    0.00349524248714649    0.00738143122453325
3.49999999999997    -2.97995684974805e-09    -3.64587209945704e-09    1.16927074053057e-05    5.20641506125268e-05    0.00341946010435812    0.00721554922459223
3.59999999999997    -3.34957507206766e-09    -3.78812287013638e-09    1.11976970486242e-05    4.98440642993463e-05    0.0033462960192746    0.00706003288231237
3.69999999999997    -3.73624031374675e-09    -3.98909803779422e-09    1.07313480685659e-05    4.77832934066299e-05    0.00327587363439921    0.00691254608712405
3.79999999999996    -4.14599608492106e-09    -4.25014502382439e-09    1.02941221538844e-05    4.58406636048212e-05    0.00320844544193403    0.00677057335864572
3.89999999999996    -4.58429321090656e-09    -4.55828116850386e-09    9.88613574430241e-06    4.39849721470637e-05    0.00314422259776266    0.00663211671693456
3.99999999999996    -5.05469620600365e-09    -4.88932875459093e-09    9.50634839185014e-06    4.22004100295341e-05    0.00308323667463667    0.00649618426689931
4.09999999999996    -5.5580140937216e-09    -5.21311695013094e-09    9.15230329189415e-06    4.04869004693329e-05    0.00302527739089546    0.00636293175111172
4.19999999999995    -6.09199998994871e-09    -5.49947531015032e-09    8.8204397949263e-06    3.88557224926577e-05    0.00296992252338158    0.00623343584972425
4.29999999999995    -6.65163293378623e-09    -5.7237270963538e-09    8.50681502528266e-06    3.73222085936022e-05    0.00291664448043268    0.00610919050231448
4.39999999999995    -7.2298787316466e-09    -5.87067151214813e-09    8.20795749995721e-06    3.5898041468297e-05    0.00286495331548438    0.00599149743121555
4.49999999999995    -7.81874778553209e-09    -5.93650602725698e-09    7.92155862789448e-06    3.45855690898191e-05    0.00281452635941349    0.00588094967584181
4.59999999999995    -8.41043821253217e-09    -5.9286397231e-09    7.64678449869023e-06    3.33757202369068e-05    0.00276528199260392    0.00577717233920468
4.69999999999994    -8.9983693870777e-09    -5.86376012537978e-09    7.38412843470793e-06    3.22498549975155e-05    0.00271737528409805    0.00567889557902601
4.79999999999994    -9.57796076442052e-09    -5.76476285332861e-09    7.13487635258499e-06    3.11846430216511e-05    0.0026711189326747    0.00558432117822909
4.89999999999994    -1.01470763270769e-08    -5.65721975166724e-09    6.9003740550588e-06    3.01582042486983e-05    0.00262685630649182    0.00549164859114877
4.99999999999994    -1.07061194346783e-08    -5.5659831731824e-09    6.6813348080281e-06    2.91555012694271e-05    0.00258482781010911    0.00539958343480274
5.09999999999994    -1.12578149100139e-08    -5.51236515485642e-09    6.47739718918287e-06    2.8171362796661e-05    0.00254507312057161    0.0053076701853667
5.19999999999993    -1.18067500562927e-08    -5.51215474895143e-09    6.28705204645707e-06    2.72103722326576e-05    0.00250739945886523    0.00521635622179192
5.29999999999993    -1.23587648527276e-08    -5.57458681617276e-09    6.1079363318378e-06    2.62838755917022e-05    0.0024714239481896    0.0051267802363346
5.39999999999993    -1.2920287076609e-08    -5.70226405962004e-09    5.93737997409892e-06    2.54052247837216e-05    0.00243667395724828    0.00504035958872867
5.49999999999993    -1.34977038621938e-08    -5.89194894365546e-09    5.7730232200592e-06    2.45848258080698e-05    0.00240271163893569    0.00495830876489505
5.59999999999993    -1.40968490078278e-08    -6.1360633747011e-09    5.61331371114858e-06    2.38265013169146e-05    0.00236924327812698    0.0048812397315515
5.69999999999992    -1.47226652333876e-08    -6.4246502073884e-09    5.45774283763759e-06    2.31261624181714e-05    0.00233618125097794    0.00480896687638105
5.79999999999992    -1.53790716871825e-08    -6.74747105317833e-09    5.30676987873168e-06    2.24730079919487e-05    0.00230364274107231    0.00474057042895717
5.89999999999992    -1.60690321186397e-08    -7.09586789537322e-09    5.16148012808805e-06    2.18526879128433e-05    0.00227188910993249    0.00467468586247172
5.99999999999992    -1.67947819763317e-08    -7.4640365810192e-09    5.02309935391576e-06    2.12513172674502e-05    0.00224122719812912    0.00460991510414178
6.09999999999991    -1.75581426038968e-08    -7.84947072203655e-09    4.89252019954986e-06    2.06590602130599e-05    0.00221190420209411    0.00454522389030488
6.19999999999991    -1.83608353471971e-08    -8.25252718412934e-09    4.7699798363004e-06    2.00722353416311e-05    0.00218402835054018    0.00448020483254539
6.29999999999991    -1.92047152860786e-08    -8.67529607077106e-09    4.65497122525987e-06    1.94934264549794e-05    0.00215753823254446    0.00441513606301144
6.39999999999991    -2.00918728860941e-08    -9.12015976721683e-09    4.54639322940308e-06    1.89297281441335e-05    0.00213222729299655    0.00435083074182969
6.49999999999991    -2.10245964504481e-08    -9.58852514021748e-09    4.44287250338443e-06    1.83898095003766e-05    0.0021078122551457    0.00428833411714674
6.5999999999999    -2.20052353494845e-08    -1.00801634266455e-08    4.34314406393878e-06    1.78807809359241e-05    0.00208402112836088    0.00422856724385725
6.6999999999999    -2.30360386935049e-08    -1.05933946268905e-08    4.24636947974123e-06    1.74058273299286e-05    0.00206067209405343    0.00417202916214836
6.7999999999999    -2.41190535152763e-08    -1.11260619039137e-08    4.15230098157967e-06    1.69632584706962e-05    0.00203771955405987    0.00411864765069463
6.8999999999999    -2.52561462569554e-08    -1.16769513471458e-08    4.06125448073862e-06    1.65471436418371e-05    0.00201525543792859    0.00406781804432066
6.9999999999999    -2.64491665348379e-08    -1.22471274346249e-08    3.97391579355518e-06    1.61492024589666e-05    0.00199346828238014    0.00401860702965799
7.09999999999989    -2.77002173075263e-08    -1.28406503408973e-08    3.89105313469997e-06    1.57612700442581e-05    0.00197257525431419    0.00397004660477597
7.19999999999989    -2.90119504511547e-08    -1.34643346594782e-08    3.81323139471719e-06    1.53775374206861e-05    0.00195274970077465    0.00392142033203594
7.29999999999989    -3.03877887075494e-08    -1.41265467289129e-08    3.74061523852082e-06    1.49959036495161e-05    0.00193406701993426    0.00387245447349824
7.39999999999989    -3.18319936443741e-08    -1.483540845756e-08    3.67291382567606e-06    1.46181023476115e-05    0.00191648475722161    0.00382336270152224
7.49999999999988    -3.33495505322989e-08    -1.55970462363603e-08    3.60947253904558e-06    1.42486665032517e-05    0.00189986118912235    0.00377474058751173
7.59999999999988    -3.49459101996145e-08    -1.64145846698683e-08    3.54947204658069e-06    1.38931433278906e-05    0.00188400425831777    0.00372735071164777
7.69999999999988    -3.66266900120175e-08    -1.72883922335321e-08    3.49216581248597e-06    1.35561637089542e-05    0.00186873374538602    0.00368186959419469
7.79999999999988    -3.83974681788019e-08    -1.8217682116623e-08    3.43708134416752e-06    1.32399630480563e-05    0.00185393671485657    0.00363867600202662
7.89999999999988    -4.02637911778912e-08    -1.92030792478588e-08    3.3841277731978e-06    1.29437614558005e-05    0.00183959989442722    0.00359774393966994
7.99999999999987    -4.22314535500266e-08    -2.02493505223871e-08    3.33358555944067e-06    1.26641147046229e-05    0.00182581093151979    0.00355866754617692
8.09999999999987    -4.4307017530158e-08    -2.13673165848745e-08    3.28599171275323e-06    1.23960429678531e-05    0.00181273045729091    0.00352080146662611
8.19999999999987    -4.64984466389991e-08    -2.25741116421046e-08    3.2419641462145e-06    1.21345258741581e-05    0.00180054551290779    0.00348346463648599
8.29999999999987    -4.88156648812949e-08    -2.38914209713978e-08    3.20202310750881e-06    1.18758789494434e-05    0.00178941976772524    0.00344613971696921
8.39999999999987    -5.12708482079262e-08    -2.5341983231015e-08    3.16646318482895e-06    1.16186075555842e-05    0.00177945586688747    0.00340860786171452
8.49999999999986    -5.38783169336295e-08    -2.69452968202084e-08    3.13530924224881e-06    1.13635311289966e-05    0.00177068044529382    0.00337098370335285
8.59999999999986    -5.66540157373129e-08    -2.87138969741974e-08    3.10836139699977e-06    1.11132119559161e-05    0.00176305456347502    0.0033336484450361
8.69999999999986    -5.9614709697619e-08    -3.06516055648343e-08    3.08530715619667e-06    1.08709306287326e-05    0.00175650424213628    0.00329710943521641
8.79999999999986    -6.27771476938054e-08    -3.27547407513009e-08    3.06586115829123e-06    1.06395639479616e-05    0.00175096006646361    0.00326183444504603
8.89999999999985    -6.61575066049307e-08    -3.501649055744e-08    3.04988905377766e-06    1.04207143654629e-05    0.00174639315430428    0.00322811312754629
8.99999999999985    -6.97714029319175e-08    -3.74337089011276e-08    3.03748169313948e-06    1.02143267972284e-05    0.00174283725237655    0.00319598604437302
9.09999999999985    -7.36346411621299e-08    -4.00145609496797e-08    3.02896461163214e-06    1.00188542815643e-05    0.00174039208404603    0.00316525737973442
9.19999999999985    -7.77646842337681e-08    -4.27849920927497e-08    3.02484906940104e-06    9.83185873873415e-06    0.00173920932131635    0.00313557948980784
9.29999999999985    -8.21826291948873e-08    -4.57920945609594e-08    3.02574782634019e-06    9.65081171611436e-06    0.00173946768282317    0.00310657556064832
9.39999999999984    -8.69153083071655e-08    -4.91031181002292e-08    3.03228667775431e-06    9.47382500817257e-06    0.00174134622352938    0.00307795792787385
9.49999999999984    -9.19970623249048e-08    -5.2799968707118e-08    3.04504016124437e-06    9.30009456670065e-06    0.00174500434176563    0.00304960564072026
9.59999999999984    -9.74707796799484e-08    -5.69702791969156e-08    3.0645088109535e-06    9.12995707019786e-06    0.00175057384918573    0.00302158188155679
9.69999999999984    -1.03387958013145e-07    -6.16971748851281e-08    3.09114035561311e-06    8.96459350250199e-06    0.00175816391298537    0.00299409310120702
9.79999999999984    -1.09807788711804e-07    -6.70503911463807e-08    3.12538355771729e-06    8.80552287753447e-06    0.00176787543273262    0.00296741012888996
9.89999999999983    -1.16795528405382e-07    -7.30812495920305e-08    3.1677551988816e-06    8.65407949155549e-06    0.00177981886304208    0.0029417816856821
9.99999999999983    -1.24420636135333e-07    -7.98231720211846e-08    3.21889999916304e-06    8.51104857303655e-06    0.00179412931074729    0.00291737014563884
10.0999999999998    -1.32755259613569e-07    -8.72981035354455e-08    3.27962932290139e-06    8.37656114521248e-06    0.00181097468377596    0.00289422893662397
10.1999999999998    -1.41873618351028e-07    -9.55277649736353e-08    3.35093452104396e-06    8.25024952054039e-06    0.00183055579016752    0.00287232475730284
10.2999999999998    -1.51852660282565e-07    -1.04547447469648e-07    3.43398084899293e-06    8.13157586544888e-06    0.00185310032808094    0.00285159181064168
10.3999999999998    -1.62774101727095e-07    -1.1441942802407e-07    3.53009463117764e-06    8.02019670942501e-06    0.00187885459913274    0.00283199517943326
10.4999999999998    -1.7472766945182e-07    -1.25243202234974e-07    3.6407577878141e-06    7.91622929788834e-06    0.00190807697886756    0.00281357944302315
10.5999999999998    -1.87815119048651e-07    -1.37160575869178e-07    3.76762009712887e-06    7.82033554085887e-06    0.0019410358218885    0.00279648628139776
10.6999999999998    -2.02154473858065e-07    -1.50355010341494e-07    3.9125325532526e-06    7.7336147272857e-06    0.00197801226295141    0.00278093773836795
10.7999999999998    -2.17883943290585e-07    -1.65046123180851e-07    4.0775978065265e-06    7.65736875991938e-06    0.00201930625687465    0.00276719510202645
10.8999999999998    -2.35165136381529e-07    -1.81481510622165e-07    4.26522874665036e-06    7.59284804699245e-06    0.00206524301024062    0.0027555122961179
10.9999999999998    -2.54185443242096e-07    -1.99928764796173e-07    4.4782055319625e-06    7.5410884771929e-06    0.00211617708789984    0.00274610422912558
11.0999999999998    -2.75159749717937e-07    -2.20670538552251e-07    4.71972487676029e-06    7.50291173661768e-06    0.00217249276202417    0.00273914433499263
11.1999999999998    -2.9833190493604e-07    -2.44004799994461e-07    4.99344171447319e-06    7.47909829609786e-06    0.00223460099916546    0.00273479400258219
11.2999999999998    -3.23976518419295e-07    -2.70251233763085e-07    5.30351002917203e-06    7.4706783199039e-06    0.00230293506730243    0.00273325414970291
11.3999999999998    -3.52401693318927e-07    -2.99763420021465e-07    5.65463421536151e-06    7.47924354714256e-06    0.00237794745340904    0.00273482055303167
11.4999999999998    -3.83953206520761e-07    -3.32945311772778e-07    6.05214315390181e-06    7.50717740765946e-06    0.0024601103646954    0.00273992286329504
11.5999999999998    -4.19020462498805e-07    -3.70269918393648e-07    6.50209605491373e-06    7.55773262164528e-06    0.00254992075942285    0.00274913304235089
11.6999999999998    -4.58044335893289e-07    -4.12298124518157e-07    7.0114232525355e-06    7.63494347529292e-06    0.00264790918324834    0.00276314011684228
11.7999999999998    -5.01526835560285e-07    -4.59696187725955e-07    7.58809878237454e-06    7.74342329929865e-06    0.00275465034638616    0.00278270068242671
11.8999999999998    -5.50042427259561e-07    -5.13251475528356e-07    8.24133718097931e-06    7.88814434921285e-06    0.00287077287127224    0.00280858400012992
11.9999999999998    -6.04250864707754e-07    -5.73887136416241e-07    8.98180632427872e-06    8.07431129567144e-06    0.00299696612579449    0.00284153320697207
12.0999999999998    -6.64911498201338e-07    -6.42677360886949e-07    9.82185181140417e-06    8.30741623667452e-06    0.00313398330711841    0.00288225880580498
12.1999999999998    -7.32899228415389e-07    -7.20865459311767e-07    1.07757355003447e-05    8.59351063401424e-06    0.00328264146126308    0.00293146893457311
12.2999999999998    -8.0922250335252e-07    -8.09887072343212e-07    1.18598992800865e-05    8.93966577176592e-06    0.00344382035321899    0.00298992727601339
12.3999999999998    -8.95043974434917e-07    -9.11400496329824e-07    1.30932725508029e-05    9.35453987885709e-06    0.00361846262239908    0.00305851909397444
12.4999999999998    -9.9170459743904e-07    -1.02732552067903e-06    1.44976461115197e-05    9.84894509707948e-06    0.00380757733053994    0.00313830273263778
12.5999999999998    -1.10075207253161e-06    -1.15989157900162e-06    1.60981352606812e-05    1.04363197294226e-05    0.00401224800442671    0.00323052911828297
12.6999999999998    -1.22397457721113e-06    -1.3116956385997e-06    1.79237513797515e-05    1.11330572246685e-05    0.0042336449876717    0.00333662336863528
12.7999999999998    -1.3634407839457e-06    -1.48577025753797e-06    2.00080958836203e-05    1.19587088076997e-05    0.00447304080292696    0.00345813628999587
12.8999999999998    -1.52154721589705e-06    -1.68566267694971e-06    2.23901857286374e-05    1.29361411174087e-05    0.0047318266466061    0.00359668434477506
12.9999999999998    -1.70107411955567e-06    -1.91552663732688e-06    2.51154181756499e-05    1.40917738136576e-05    0.00501152823817214    0.00375390065723846
13.0999999999998    -1.90525125261691e-06    -2.18022966748614e-06    2.82366859098244e-05    1.54560319775222e-05    0.00531381993295238    0.00393141542248092
13.1999999999998    -2.1378353170951e-06    -2.48547973181204e-06    3.18156623117314e-05    1.70641223967465e-05    0.0056405370082459    0.00413087354189608
13.2999999999998    -2.40320121025242e-06    -2.83797618952321e-06    3.59242896667984e-05    1.89571911621632e-05    0.0059936870031244    0.00435398473906999
13.3999999999998    -2.70644980881464e-06    -3.2455909459429e-06    4.06465184004813e-05    2.11838604363264e-05    0.00637546163627472    0.00460259165063183
13.4999999999998    -3.05353562799743e-06    -3.71758649037642e-06    4.60803607387341e-05    2.38020954958957e-05    0.00678825098347536    0.00487873771332774
13.5999999999998    -3.45141840994142e-06    -4.26487832737237e-06    5.23403357235045e-05    2.68813361481465e-05    0.0072346612782642    0.0051847196605949
13.6999999999998    -3.90824348880063e-06    -4.90035030795526e-06    5.95603936271446e-05    3.05048474811311e-05    0.00771753706520269    0.00552311718757605
13.7999999999998    -4.43355669723641e-06    -5.63923275838203e-06    6.78974173498023e-05    3.47723006501506e-05    0.00823998772410356    0.00589680157790683
13.8999999999997    -5.03856066158632e-06    -6.49955528777855e-06    7.75354085548489e-05    3.98026722547567e-05    0.0088054178303903    0.00630893255713974
13.9999999999997    -5.73642064735763e-06    -7.50268888786294e-06    8.86904801715104e-05    4.57376325612127e-05    0.00941756057931079    0.0067629561783936
14.0999999999997    -6.54262974981735e-06    -8.67399551780269e-06    0.00010161679770531    5.27456605954321e-05    0.0100805136227925    0.00726261560026647
14.1999999999997    -7.47544525650303e-06    -1.00436078811253e-05    0.000116613642253722    6.10271664268493e-05    0.010798777077588    0.00781198217821764
14.2999999999997    -8.55641054532213e-06    -1.16473675888113e-05    0.000134033809964377    7.08209162926562e-05    0.0115772940168338    0.00841550834064612
14.3999999999997    -9.8109800171749e-06    -1.35279565063827e-05    0.000154293616611061    8.2412053923884e-05    0.0124214942883589    0.00907809841972848
14.4999999999997    -1.12692684127941e-05    -1.57362639451168e-05    0.000177884842061463    9.6142009361714e-05    0.0133373428787391    0.00980519055050492
14.5999999999997    -1.29669505975892e-05    -1.83330418325737e-05    0.000205389027783332    0.000112420606356682    0.0143313941974089    0.0106028425554782
14.6999999999997    -1.49463436420941e-05    -2.13909114997016e-05    0.00023749463220301    0.000131740741216334    0.0154108536041915    0.011477817024384
14.7999999999997    -1.72577100803211e-05    -2.49967998904022e-05    0.000275017656420031    0.000154696123832695    0.0165836473247436    0.0124376645312812
14.8999999999997    -1.9960829839848e-05    -2.92549005987035e-05    0.000318926481502227    0.000182002751781343    0.0178585017027605    0.013490807830969
14.9999999999997    -2.31268989234165e-05    -3.42902771264187e-05    0.000370371815908571    0.000214525030300822    0.0192450326332567    0.0146466328716779
15.0999999999997    -2.68408259762858e-05    -4.02532532806678e-05    0.000430722847666918    0.000253307751506259    0.020753846083003    0.0159155939625846
15.1999999999997    -3.1204013998917e-05    -4.73247700908141e-05    0.000501610943464829    0.000299615505778554    0.0223966508606608    0.017309340430666
15.2999999999997    -3.63377344628225e-05    -5.57229316758366e-05    0.000584982551132893    0.000354981527628632    0.0241863852342996    0.0188408710675361
15.3999999999997    -4.23872258829115e-05    -6.57110162838676e-05    0.000683163361649066    0.000421268504613315    0.0261373595638914    0.0205247213543973
15.4999999999997    -4.95266797219847e-05    -7.7607295777539e-05    0.000798936294757654    0.000500744549412644    0.0282654177727068    0.0223771876365259
15.5999999999997    -5.79653148232091e-05    -9.17970905351068e-05    0.000935636518160611    0.000596178425113064    0.0305881211940663    0.0244165926862704
15.6999999999997    -6.79547892228623e-05    -0.000108747591109771    0.00109726753341862    0.000710959323796659    0.0331249591028464    0.0266635987398192
15.7999999999997    -7.97982575580044e-05    -0.000129026108263703    0.00128864341595065    0.000849248165099627    0.0358975911195826    0.0291415771255266
15.8999999999997    -9.38614561703967e-05    -0.000153322575495872    0.0015155636560352    0.00101616968694121    0.0389301277426911    0.0318770478421238
15.9999999999997    -0.000110586290092039    -0.000182477330651102    0.00178502881533898    0.00121805779390768    0.0422494566356944    0.0349002076774835
16.0999999999997    -0.000130507510745973    -0.000217515454774575    0.00210550753202006    0.00146277105797868    0.0458856241083163    0.0382455715737863
16.1999999999997    -0.000154273215877415    -0.000259689257477743    0.00248726847541405    0.0017601014298994    0.0498722836371958    0.0419527590438215
16.2999999999997    -0.000182670080429401    -0.000310530879785949    0.00294279494564137    0.00212230784153152    0.0542472264478387    0.0460674658745651
16.3999999999998    -0.00021665444633676    -0.000371917448194645    0.00348730532213501    0.00256481851818091    0.0590530133268904    0.0506426716869543
16.4999999999998    -0.000257390669140604    -0.000446151764193214    0.00413941003452089    0.00310716302310678    0.0643377321994203    0.0557401468576293
16.5999999999998    -0.000306298448486207    -0.000536062149181315    0.004921945933023    0.00377421958270445    0.0701559128960878    0.0614323385528882
16.6999999999998    -0.000365111265778344    -0.000645125762581779    0.00586304297315817    0.0045978983704985    0.0765696393286646    0.0678047356992781
16.7999999999998    -0.000435948518836539    -0.000777620407353115    0.00699749756765902    0.00561943189206937    0.0836499104395692    0.0749588366943581
16.8999999999998    -0.000521404474182161    -0.000938810391278734    0.0083685540298921    0.00689251616163312    0.0914783152843689    0.0830158707518168
16.9999999999999    -0.000624657725685922    -0.00113517214017009    0.0100302334099761    0.00848765045819394    0.10014910490215    0.0921214515865123
17.0999999999999    -0.000749605386912948    -0.00137466441609852    0.0120504021839317    0.0104981719767251    0.109771764473819    0.102451365410463
17.1999999999999    -0.000901026611406441    -0.00166704517075143    0.0145148479331309    0.0130486912821869    0.120474213357782    0.114218703558505
17.2999999999999    -0.00108477995024101    -0.00202423043459972    0.0175327338385147    0.0163069245010696    0.132406786423409    0.127682524224019
17.3999999999999    -0.0013080379931117    -0.00246067697353539    0.0212439496343221    0.0205003060835799    0.145747173800834    0.143158133378484
17.4999999999999    -0.0015795597409933    -0.00299374414891806    0.0258290771766911    0.0259392539496037    0.160706509413016    0.161028852835678
17.6    -0.0019099945356026    -0.00364394214635648    0.0315229581714553    0.0330495019813671    0.177536785180788    0.181758696262383
17.7    -0.00231219823952222    -0.00443488859800428    0.0386331990506469    0.0424163525834606    0.196539697745641    0.205904551544117
17.8    -0.00280151800688983    -0.0053926517827603    0.0475653637676115    0.0548436259677009    0.218076856324711    0.234125063319694
17.9    -0.00339595921082143    -0.00654392900010887    0.0588570307881181    0.0714286167525645    0.242580910727033    0.267181200210281
18    -0.00411607716030652    -0.00791217308012448    0.0732231605248749    0.0936498948908418    0.27056647692145    0.305920402078697
18.1    -0.0049843270936976    -0.00951036206932339    0.0916149654011008    0.123454862379257    0.302638599462335    0.351232708318242
18.2    -0.00602345637259829    -0.0113287599014122    0.115292997991943    0.163316126754405    0.339494795196142    0.403965080116464
18.3000000000001    -0.00725335804198767    -0.0133161621385674    0.145911360564845    0.216200297126001    0.381914583856076    0.464782720152009
18.4000000000001    -0.00868571118797655    -0.0153545625490449    0.185602422321593    0.285367838052528    0.430728430385959    0.533977598276796
18.5000000000001    -0.0103158892677031    -0.0172308636765792    0.23703927371416    0.373916695708337    0.486757492128037    0.611244462588657
18.6000000000001    -0.0121122655016748    -0.0186152768100258    0.303437149999573    0.484017005430241    0.550718115757953    0.695464216836156
18.7000000000001    -0.014004329961813    -0.0190621851124186    0.388439097340896    0.615873045379241    0.6230914668676    0.784544248897397
18.8000000000001    -0.0158727623990649    -0.0180512960328424    0.495822926974445    0.766611656518202    0.703968026538328    0.875377522689346
18.9000000000002    -0.0175462199377449    -0.0150825313705367    0.62897816408477    0.929554125794156    0.792887314976514    0.964015893562763
19.0000000000002    -0.0188104844700296    -0.00982784833453269    0.79014914413648    1.09455868504362    0.888704287044056    1.04616542594407
19.1000000000002    -0.0194350105312005    -0.00232169148276962    0.979533041018792    1.2499776480626    0.989522774565823    1.11802158199708
19.2000000000002    -0.0192180804999296    0.00687246480859353    1.19444064481299    1.38604089165742    1.09273570006424    1.17728231995765
19.3000000000002    -0.0180428491049406    0.0166319564449457    1.42881513351103    1.49839762516181    1.1951943729399    1.22397753377528
19.4000000000002    -0.0159251049637366    0.0254805324773215    1.6733829981638    1.58971738936166    1.29349502867065    1.26058245736895
19.5000000000002    -0.0130289894010402    0.0320052960086743    1.91653382795255    1.66766558315754    1.38432802232265    1.29098460261342
19.6000000000003    -0.00963766020817088    0.035301088525477    2.14573960520632    1.73999189230766    1.464802621759    1.31861507857926
19.7000000000003    -0.0060880293485421    0.0352119486197046    2.3491021502843    1.81022053937036    1.53266600607665    1.34498351590076
19.8000000000003    -0.00269685803691817    0.0322606503977828    2.51663406283655    1.87690235569369    1.58638796950597    1.36962097170334
19.9000000000003    0.000293231554939224    0.0273479987416257    2.64110084585211    1.93568983041459    1.62514638105845    1.39102189680084
20.0000000000003    0.00273402337897165    0.021411487628609    2.71845518124679    1.98134574519529    1.64877157494996    1.4074399786111
20.1000000000003    0.0045625477083392    0.0151941185716161    2.74793491141624    2.00831533449182    1.65768335172151    1.41706897265188
20.2000000000004    0.00577650799655198    0.00916605423452513    2.73184724102517    2.01087123182705    1.65281997597456    1.41802229011988
20.3000000000004    0.00640829757132849    0.00356523995986376    2.67506212673847    1.98412714587856    1.63554916173764    1.40858597002192
20.4000000000004    0.00650629304631992    -0.00151037834551088    2.58431147340023    1.92573658501907    1.60756621684801    1.3877082920327
20.5000000000004    0.0061249235015745    -0.00602928220407758    2.46745130525793    1.83726548700563    1.57080036623691    1.35544425734212
20.6000000000004    0.00531964516346699    -0.0100015835347972    2.33283312560683    1.72469519949986    1.52735222754352    1.31323842763858
20.7000000000004    0.00414290664163258    -0.0134761165963097    2.18887071168895    1.59807928648745    1.47947745775781    1.26407977626768
20.8000000000005    0.00264120282319272    -0.0165159522064676    2.0438212089648    1.47055515282896    1.4296203107862    1.21255200966873
20.9000000000005    0.000856293590734018    -0.0191413999253196    1.90574437540247    1.35686635198692    1.3804867410315    1.16468878194813
21.0000000000005    -0.00116721110431067    -0.0212652718857562    1.78256334598295    1.27144409179713    1.33512620512114    1.12738275665754
21.1000000000005    -0.00336875336286461    -0.0226518679849548    1.68211990236115    1.22609304209526    1.29696127693233    1.10705913797414
21.2000000000005    -0.0056567437809924    -0.0229210108580363    1.6120956101999    1.22747781986363    1.2696706704692    1.10767885559167
21.3000000000005    -0.00789668497240794    -0.0216097517768504    1.57966474072649    1.27480871082964    1.25682233553233    1.12886745433544
21.4000000000005    -0.00990856353797702    -0.0182960272676113    1.59077157524157    1.35840290361668    1.26121901175418    1.16536181463222
21.5000000000006    -0.0114794185464096    -0.0127759808719632    1.64900776791649    1.46023878380178    1.28408566336765    1.20833586312521
21.6000000000006    -0.0123951628957946    -0.00526353957594293    1.75422721982512    1.55758841387002    1.32441442900699    1.24802271975359
21.7000000000006    -0.0124904597999969    0.00346615761238279    1.90125337909623    1.62951773025745    1.37880287478313    1.27652094225236
21.8000000000006    -0.0117049938705039    0.0121139816130763    2.07920277693991    1.66390347343506    1.44189658785171    1.28986694076736
21.9000000000006    -0.0101230436448519    0.019156649701494    2.27192004234662    1.66121973532796    1.50725497721321    1.28874076450626
22.0000000000006    -0.00797252440047558    0.0233279270143469    2.4597140020018    1.63280586068881    1.56832727479199    1.27759996419459
22.1000000000007    -0.00557638931440897    0.0240455629646471    2.62212150709895    1.59526241675403    1.61928700698213    1.26280807237511
22.2000000000007    -0.00327399611180024    0.0215584343065137    2.74107946466255    1.56464370626286    1.65561733066914    1.25067139576034
22.3000000000007    -0.00134491207332257    0.0167598378847114    2.80381202929249    1.55214862744235    1.67445818714712    1.24573983450656
22.4000000000007    3.72427945090625e-05    0.0108086953485496    2.80484851755891    1.56093588249245    1.67476819774316    1.24932744090463
22.5000000000007    0.000812562834453925    0.00477236385342397    2.7467543061222    1.58438169566493    1.65733329353629    1.2587132001406
22.6000000000007    0.00101364987402561    -0.000588588125860465    2.63939797254398    1.60772365179903    1.62462209299822    1.26796029329118
22.7000000000007    0.000729886708885463    -0.00490403109807961    2.49794695428829    1.61402721342764    1.58048929814589    1.27043424225995
22.8000000000008    6.79976992367659e-05    -0.00818942865215232    2.34017449886971    1.59168540626603    1.52976288824315    1.26159357145017
22.9000000000008    -0.000882703126725753    -0.0107533868011856    2.18382599697405    1.5392949630078    1.47777712047834    1.24063666223439
23.0000000000008    -0.00207065747995577    -0.0130017570674555    2.0446315872918    1.46624384460807    1.42990464705497    1.2108157576284
23.1000000000008    -0.0034788936653866    -0.0151757410604829    1.93521834166216    1.38992783413854    1.39111690341288    1.17885432985667
23.2000000000008    -0.00509646867884498    -0.0171264236003656    1.86485968270244    1.33079110554191    1.36558914345034    1.15347205911395
23.3000000000008    -0.00687445064748545    -0.0182509302625121    1.83975992916501    1.30609388286151    1.35636008164989    1.1426989045265
23.4000000000009    -0.00868710727071275    -0.0176627753669422    1.86342030802749    1.32452369950733    1.36504389753398    1.15074398798068
23.5000000000009    -0.0103201428309881    -0.0145442311441479    1.93666026869257    1.38350153539694    1.39160115095688    1.17613349613782
23.6000000000009    -0.011497509452644    -0.00853771172493337    2.05708542968279    1.46864384027488    1.43420822649962    1.21184609078603
23.7000000000009    -0.0119425747412522    -2.025598604612e-05    2.21808014867528    1.55682951695052    1.4892741599799    1.24772974499297
23.8000000000009    -0.0114573220472096    0.00981549741295808    2.40777223034828    1.62520566632765    1.55165748801718    1.27479775742593
23.9000000000009    -0.00999870372999617    0.0191081285406132    2.60876879508941    1.66059801601826    1.6151374000416    1.2885002504625
24.000000000001    -0.00772598786986303    0.0257736365653257    2.7993795162633    1.66328940530229    1.67311679968098    1.28942821628833
24.100000000001    -0.00498860548476805    0.0282196592462076    2.95647385321471    1.6453303516885    1.71943274571296    1.28239385623939
24.200000000001    -0.00224259076306375    0.0259792106369625    3.05945119384803    1.62483015223456    1.74912725798745    1.27442349038663
24.300000000001    7.34262316353373e-05    0.0198334478512282    3.09430582010301    1.61589818606661    1.75906390296419    1.27102510613006
24.400000000001    0.00164402676081556    0.0113569534024305    3.05653901828914    1.62019687948895    1.74829525980744    1.27281887914124
24.500000000001    0.00232278281310489    0.00225199678484172    2.95197516176156    1.62606023140412    1.71812972922348    1.2751686790047
24.600000000001    0.00211857669782192    -0.00613000135653309    2.79529488198573    1.61441689441454    1.67191219674315    1.27058227498179
24.7000000000011    0.0011492315453476    -0.0129689345231645    2.60686445592915    1.56873940483331    1.61457831497763    1.25242613018519
24.8000000000011    -0.000411232817101245    -0.0179412425771714    2.40895246254994    1.48510016436724    1.55207998938119    1.21851478291485
24.9000000000011    -0.00237487890777197    -0.021057146645032    2.22251477359186    1.37693185496662    1.49080821487609    1.17323844615738
25.0000000000011    -0.00456251942810004    -0.0224456001270065    2.06529321328013    1.27103142749124    1.43710556212708    1.12717683729137
25.1000000000011    -0.00680623034365564    -0.0221824910586278    1.95122553226186    1.19708508589062    1.39684616457589    1.09388894453736
25.2000000000011    -0.00893992790879185    -0.0202271085582451    1.89056553082423    1.17612282488981    1.37494931125232    1.08430331963394
25.3000000000012    -0.0107886660817846    -0.0164560322727214    1.88994571342424    1.21281361748458    1.37471063068139    1.1011552190706
25.4000000000012    -0.0121659560328681    -0.0107932599653559    1.95184925699651    1.29343147086517    1.39703301554055    1.13724006982013
25.5000000000012    -0.0128894728009171    -0.00344415753637079    2.07340843810269    1.39060363849952    1.43987579311328    1.17923355459315
25.6000000000012    -0.0128221384547659    0.00485863288403947    2.24499683763174    1.47460034931057    1.49827648663295    1.21432151549623
25.7000000000012    -0.011929863382951    0.0128065587029262    2.4495469830547    1.52638979618637    1.5650573987603    1.23540511098205
25.8000000000012    -0.0103266250658245    0.0188302887326016    2.66356380046491    1.54498392704711    1.63201015967415    1.24283118212948
25.9000000000012    -0.00827136646728293    0.0217111551489469    2.86022381378968    1.54416960987384    1.69119939637124    1.24245653268673
26.0000000000013    -0.00610285344417937    0.0211346169037135    3.01398102567412    1.54132628420208    1.7360713639865    1.24132171984962
26.1000000000013    -0.00413966550518307    0.0177852983927363    3.10534241663268    1.5469438136492    1.76219331510541    1.24363479237688
26.2000000000013    -0.00259873649164469    0.0129051722996934    3.12440985996029    1.56066447847804    1.76759811793545    1.24919891730899
26.3000000000013    -0.00157250334122901    0.00764159394329984    3.07231315780391    1.57343699889356    1.75280081156906    1.25434389420747
26.4000000000013    -0.00106284540939883    0.00262066273097416    2.96037547200136    1.57223179517699    1.72057384100799    1.25388393693509
26.5000000000013    -0.00103790761227004    -0.00208105300692689    2.80745330134126    1.5458530552342    1.67554535124808    1.2433216496356
26.6000000000014    -0.00147419187553721    -0.00663901470787832    2.63630345126341    1.49125210101597    1.62366907897568    1.22115028743381
26.7000000000014    -0.00236131844600732    -0.0110781997356774    2.46998514404946    1.41794620124079    1.57161686432306    1.19072392884808
26.8000000000014    -0.00367213747261599    -0.0150143943502713    2.32910648919797    1.34667879917913    1.52613662710924    1.16036777236419
26.9000000000014    -0.00531932374575832    -0.0176487797120069    2.23019363315279    1.30068717796084    1.49337381052022    1.14034016790409
27.0000000000014    -0.00712391894055804    -0.0180024588993305    2.18482131598229    1.29330965512042    1.47809694058313    1.13709523198103
27.1000000000014    -0.00881585781961805    -0.0153034247653193    2.1988268205592    1.32078865509321    1.48281795956554    1.14915380184015
27.2000000000015    -0.0100757012713077    -0.00939993798173361    2.27123591028451    1.36418953153309    1.50702833103044    1.16794741863623
27.3000000000015    -0.0106126365363255    -0.00104610619227023    2.39318475934296    1.3998774125265    1.54695576255066    1.18316369036086
27.4000000000015    -0.0102583712217831    0.00808914571099904    2.5477197448264    1.41376422858799    1.59612484181103    1.1889906619943
27.5000000000015    -0.00904313134302658    0.0158010244102591    2.71146807508602    1.40940335447614    1.64662876716688    1.18707779109194
27.6000000000015    -0.00721444165341296    0.0200920438435854    2.85849680116261    1.40356774335422    1.69069357158364    1.18455225850462
27.7000000000015    -0.00517418041974239    0.0199879065112283    2.96552221902914    1.41165758516193    1.72206139463322    1.18796383310067
27.8000000000015    -0.00335176590757674    0.0159163947624006    3.01676185849404    1.43665694859164    1.73687956524318    1.19850057028331
27.9000000000016    -0.00207444205326668    0.00938924649972299    3.00688273514854    1.46875765430244    1.73403530293899    1.21188675063003
28.0000000000016    -0.00149482294829652    0.00225266172358023    2.94138475148842    1.49027682754361    1.71504592270667    1.22076687088845
28.1000000000016    -0.00159448775528072    -0.00400859000701887    2.83460745521162    1.48436733089304    1.68362849608232    1.21833955123323
28.2000000000016    -0.00224029836464455    -0.00860507279973426    2.70623565355896    1.44433890928492    1.6450625017373    1.20177571202244
28.3000000000016    -0.00325438765302225    -0.0113968047193784    2.57750045430259    1.37901247178587    1.60545627883901    1.17425831256502
28.4000000000016    -0.00446549181198657    -0.0125913714434727    2.46806427945896    1.31118998334372    1.57100106264822    1.14500281253318
28.5000000000017    -0.00572434524499245    -0.0123632193983896    2.39399699131339    1.26868600472308    1.54724407356593    1.12629177193531
28.6000000000017    -0.00688782832219431    -0.0106561432591131    2.36657611610728    1.26809859067409    1.53835258439939    1.12604841693638
28.7000000000017    -0.0078000311465353    -0.00731636194855415    2.3911983980802    1.30407177786436    1.54633035202518    1.14193618416801
28.8000000000017    -0.00829846803744394    -0.00243115419533701    2.46604071648074    1.35296679085818    1.57034131701009    1.16316846602178
28.9000000000017    -0.0082557919956331    0.00334777674500465    2.58096067463367    1.38766699292569    1.6065156446584    1.17798802426704
29.0000000000017    -0.00763919919231525    0.00882538692671423    2.71771627429428    1.39381521970251    1.64853204910611    1.18056653020832
29.1000000000017    -0.00654485937008281    0.0127137934001229    2.85244648839829    1.37785984872522    1.68890605221668    1.17375389591796
29.2000000000018    -0.00517940618931068    0.0141631861028913    2.96042610951949    1.35954722556574    1.72058108883918    1.16591021512171
29.3000000000018    -0.00380035036299965    0.0130193010893381    3.02176248711279    1.35415995757403    1.73831759021472    1.16361095533395
29.4000000000018    -0.00264826532756884    0.00973150947528383    3.02597646758339    1.36346085506745    1.73953138927533    1.16763271313833
29.5000000000018    -0.00190172555507576    0.00503779554709568    2.97404117561666    1.37745730917258    1.72453981080651    1.17364046018728
29.6000000000018    -0.0016613499682059    -0.000263090150118389    2.87757262777189    1.3800408095215    1.69634013914904    1.17475135254447
29.7000000000018    -0.00194868694405576    -0.00539763165747724    2.7557226261092    1.35969531557743    1.66003579139981    1.16604724653417
29.8000000000019    -0.00271254519907568    -0.00970194598175895    2.63097614813976    1.31684018847913    1.62202613734746    1.14749556021943
29.9000000000019    -0.00384419730522574    -0.0126862351311098    2.52508537497009    1.26529009665879    1.58904707202687    1.12477960334325
30.0000000000019    -0.00519056517172039    -0.0139203702534034    2.455946083376    1.22709964056434    1.56713724396085    1.1076578279669
30.1000000000019    -0.00655195666552819    -0.0128964572729632    2.4355809749204    1.21985297536211    1.56062104522022    1.10439424878615
30.2000000000019    -0.00767923715308465    -0.00919373535161747    2.46879525585944    1.24395668192308    1.57122127186981    1.11529016724499
30.3000000000019    -0.00830394333195505    -0.00292843792067481    2.55206233438939    1.28223695254033    1.59749597148617    1.13235523436405
30.400000000002    -0.00821251454015927    0.0048844785227213    2.67291404552783    1.31280918083886    1.63488427729083    1.14576844201105
30.500000000002    -0.00733706560877853    0.0124040301407713    2.81079032518542    1.32402475884343    1.67652512437293    1.15059588860716
30.600000000002    -0.00581199675331981    0.0175601027453014    2.94018641248998    1.32122064707883    1.71468732811079    1.14930948393825
30.700000000002    -0.00395454008021487    0.0189005823189101    3.03596024014432    1.31896994896043    1.74239622409975    1.148308633142
30.800000000002    -0.00217052719995903    0.0161513107903881    3.07931375059032    1.32657847224663    1.75479601076649    1.15165863319231
30.900000000002    -0.000832466220335039    0.0102091719934417    3.06233765787285    1.34077092707055    1.74995341791513    1.15787162495579
31.000000000002    -0.000181446349984654    0.0027081840720007    2.98964043440567    1.34910408334935    1.72905766285653    1.16150624151934
31.1000000000021    -0.000285054132824342    -0.0046236826795148    2.87684843387933    1.33938530480065    1.69612745765861    1.15730891570018
31.2000000000021    -0.00105534111785775    -0.0104490001436975    2.74681601319937    1.30758425007752    1.65735177299646    1.1434487607556
31.3000000000021    -0.00229506081792457    -0.0139084040008753    2.62479107142488    1.26072027845253    1.62011907097001    1.12273186235658
31.4000000000021    -0.00374215796747816    -0.0145582522197879    2.53370166899415    1.21680053545272    1.59175615759698    1.10299074916566
31.5000000000021    -0.00511088060187497    -0.0123712472665543    2.49045822934863    1.19578560114388    1.57811029660417    1.09344984036075
31.6000000000021    -0.00613385252324951    -0.00774166614228947    2.50350772823758    1.20557087595878    1.58223579282318    1.0979576233007
31.7000000000022    -0.00660434289849927    -0.00149111131634239    2.57140800034701    1.23626310065315    1.60354743709124    1.11187268931303
31.8000000000022    -0.00641833279030427    0.00516413598717763    2.68242454790943    1.26598264657415    1.63779832485982    1.12514709183895
31.9000000000022    -0.00560500195892294    0.0108317658196958    2.81565539218623    1.27932337183696    1.67798211436811    1.13101991347906
32.0000000000022    -0.0043249196119267    0.0143502071701064    2.9445199763174    1.27865442370735    1.71595491531326    1.13068496729262
32.1000000000022    -0.00282668149329903    0.0151671667311561    3.04254921705959    1.27604304435594    1.74428817198631    1.1295189247681
32.2000000000022    -0.00137749844531219    0.0134467105217101    3.0898120060937    1.27933659754331    1.75778556957091    1.13099769386124
32.3000000000021    -0.000203464446193388    0.0097682296000915    3.07774921841672    1.28771670832183    1.75435149756796    1.13473401729758
32.4000000000021    0.000530114040575638    0.00472968850496932    3.0109745262869    1.29242674424015    1.73521590739193    1.13683964317172
32.5000000000021    0.000717694833671269    -0.00103455602089644    2.90567922746658    1.28229756979512    1.70460514852581    1.13238531405567
32.6000000000021    0.000327259510325535    -0.00667349079790243    2.78537793337216    1.25284851872214    1.66894512380527    1.11928726573776
32.7000000000021    -0.000578093631011765    -0.0111565565058101    2.67551412443954    1.21230905453079    1.63569978609991    1.10099254574121
32.800000000002    -0.00183006851349046    -0.0134447615561649    2.59843409223115    1.17835275553281    1.61196487029972    1.08543631499941
32.900000000002    -0.00316600118795968    -0.012735659324191    2.56957676019231    1.16719148535328    1.60298681735964    1.08029129790759
33.000000000002    -0.0042669206389907    -0.00875780017695548    2.59500887755222    1.18070683001668    1.61089747375197    1.0865680516897
33.100000000002    -0.00482653531696439    -0.00208724926151241    2.67010140643401    1.20348865075322    1.63403736523705    1.09703431766911
33.200000000002    -0.00464594344549149    0.0057194802591104    2.77955876471945    1.21829206197424    1.66719440376009    1.10374786501257
33.3000000000019    -0.00371696332342515    0.0125134570565674    2.89975085134124    1.22191344536169    1.70286142581388    1.10533110819979
33.4000000000019    -0.00224320039198382    0.0163588591040377    3.00382591053703    1.22335023792377    1.73315344923323    1.105930660418
33.5000000000019    -0.000576907333851212    0.0163125786381736    3.0684446350242    1.23158038319004    1.75169754872299    1.10964601696587
33.6000000000019    0.00089687517485583    0.012641665945947    3.07986481079572    1.24495208065195    1.75495413228114    1.11570258982135
33.7000000000019    0.0018679849897483    0.00650044164407994    3.03726336988433    1.25296395297817    1.74277361711623    1.11933984885583
33.8000000000018    0.00216795549957872    -0.000496413734562173    2.95244261878609    1.24508148025928    1.71826596275287    1.11583208137814
33.9000000000018    0.00179558693676192    -0.00669499594467755    2.84644647219217    1.21899990304251    1.68714055373574    1.10406298736612
34.0000000000018    0.000898721927354768    -0.0108217155147275    2.74437052503105    1.18459161400538    1.65661393128573    1.08833565800202
34.1000000000018    -0.00027463372244553    -0.0121493321312464    2.66981408217257    1.15860093975194    1.63395654983506    1.07631470002072
34.2000000000018    -0.00142921138663849    -0.0104427830325608    2.64000696747193    1.15201152472133    1.62480919643715    1.07326719553141
34.3000000000017    -0.00226900601033846    -0.00594261018727464    2.66216165154978    1.16396175245889    1.63161162755158    1.07885422455633
34.4000000000017    -0.00255641116999662    0.000365071233914042    2.73160237042594    1.18202457964829    1.65275401532952    1.08720947676668
34.5000000000017    -0.00219473492833173    0.00671257878281706    2.83221043993848    1.19255880339855    1.6829158098601    1.09202277663272
34.6000000000017    -0.00127305214057334    0.0113195525871096    2.93969865633479    1.19324624238936    1.71455447148028    1.0922994599095
34.7000000000017    -2.39946080360792e-05    0.0131740413351644    3.02759958634488    1.19199707943134    1.73999988096814    1.09170670240053
34.8000000000016    0.00126585032657765    0.0121885957426023    3.07445035862663    1.19730996468207    1.75341060686012    1.09414871147202
34.9000000000016    0.00233748036229092    0.0089435281371407    3.06977916930378    1.20843218838849    1.75207696905397    1.09925074559581
35.0000000000016    0.00300897372801773    0.00434799681416542    3.01671039853124    1.21304503443746    1.7368653789538    1.10137465440293
35.1000000000016    0.00319417128999562    -0.000628611040761133    2.93040387569414    1.20042091688484    1.71183926610062    1.09563703923014
35.2000000000016    0.00289983081630549    -0.00510867652560212    2.83347357544362    1.1713709119407    1.68328998286833    1.08228684430924
35.3000000000015    0.00221510102885525    -0.00831386641453534    2.75019075185537    1.13853575593552    1.65836842866198    1.06698951989266
35.4000000000015    0.0013041118429109    -0.00951740583753081    2.70098910568868    1.11914608060128    1.64346810281824    1.05785419580744
35.5000000000015    0.000398382538651015    -0.00813995499897504    2.69817448279023    1.12004209392084    1.64261204308308    1.05828910750015
35.6000000000015    -0.000234494390676979    -0.00410839823227916    2.74310015424    1.13410204358492    1.65623069022778    1.06493434757683
35.7000000000015    -0.000358974375184479    0.0018266883248376    2.82530638404197    1.14799265887812    1.68086473434937    1.07144263592965
35.8000000000014    0.000139411461992228    0.00800929749023358    2.92436123094038    1.15339409776199    1.71007637592735    1.07393200386044
35.9000000000014    0.0011799346467012    0.0123308699798548    3.01468788595173    1.15346191588947    1.73628525700876    1.07392265342296
36.0000000000014    0.00249048396097683    0.0132548180065363    3.07255501362577    1.15656908262141    1.75286873756006    1.07535733243468
36.1000000000014    0.00370987533499993    0.010596859800348    3.0830355738991    1.16550752930122    1.75585358464882    1.07953473119839
36.2000000000014    0.00452398425721601    0.00538843752555086    3.04439787441442    1.17415194062296    1.7448144336808    1.08356952031884
36.3000000000013    0.0047561798836135    -0.000749861194871903    2.96838485207831    1.1702812581935    1.72289356340757    1.08179512658437
36.4000000000013    0.00440158232528877    -0.00606344809494505    2.87641052424527    1.1486733808682    1.6959926740167    1.07174465963932
36.5000000000013    0.00362152853307607    -0.00905668857242266    2.79342854406624    1.11983011101444    1.67135137795657    1.05818150021938
36.6000000000013    0.00269452399540464    -0.00895276364931418    2.74160884727365    1.10122395040056    1.65577824204031    1.04935399099808
36.7000000000013    0.00192936409292589    -0.00591951196185856    2.73504395081111    1.10077764505364    1.65379570333379    1.04916281121272
36.8000000000012    0.00157864559297415    -0.000859979437930881    2.77610668138515    1.11171771126526    1.66616451446525    1.05437989913533
36.9000000000012    0.00177744374410255    0.00479081610971852    2.85429395731273    1.12272160921996    1.6894646483447    1.05957475305
37.0000000000012    0.00249734075838566    0.00927678641825736    2.94847861070159    1.12732856753376    1.71711163702035    1.06171677427057
37.1000000000012    0.00354831376710921    0.0112684605368761    3.03256676601971    1.12845128399189    1.74142303174419    1.06222610859883
37.2000000000012    0.00465488290235161    0.0104102281838094    3.08320259516048    1.13301505115223    1.75589889436312    1.06438088967314
37.3000000000011    0.00555122193430198    0.00720578226323767    3.08695493104672    1.1406058425142    1.75696446036388    1.0679671901403
37.4000000000011    0.00605263079876965    0.00271176769826678    3.04423857032668    1.14409884653539    1.7447641491007    1.06962212619754
37.5000000000011    0.00609058302695951    -0.00187056717986996    2.96874402277968    1.13645000894096    1.72299359475828    1.06604245221257
37.6000000000011    0.0057108153796188    -0.00548958321699289    2.88294595853173    1.11516634998966    1.69791441042222    1.05600010154629
37.7000000000011    0.00505129832100008    -0.00735705267819299    2.81140199858835    1.08903913506987    1.67671598160619    1.04354444507446
37.800000000001    0.00431578418899659    -0.00694174887368765    2.77413276500547    1.07413907231086    1.66556721239712    1.03638356048011
37.900000000001    0.00374609655059616    -0.0040519482165308    2.78168554698471    1.07642930744599    1.66783437839173    1.03750319959104
38.000000000001    0.00357238688599563    0.000828419683249169    2.83237068198371    1.08738917714102    1.68296105719522    1.04277921482059
38.100000000001    0.00393643526481827    0.00643994892855343    2.91222311520345    1.09513337083564    1.70651915303663    1.04646638641355
38.200000000001    0.00482475484301989    0.0109911685142924    2.99837508746635    1.0963929631144    1.7315749505023    1.04703016065875
38.3000000000009    0.00604037445580573    0.0127553384072254    3.06561610381034    1.09652715172023    1.75087966967658    1.04707423474286
38.4000000000009    0.00725617279423446    0.0109768364544023    3.09429266399021    1.10117757225296    1.7590451989493    1.04931267090149
38.5000000000009    0.00813318112186542    0.00615762635791008    3.07669107355222    1.10788035223355    1.75403105015762    1.0525409426104
38.6000000000009    0.00843623443751691    -0.000181550360883083    3.01940061781227    1.10763039342609    1.7376217792606    1.0524401932963
38.7000000000009    0.00811601123541186    -0.00594879277270187    2.94086957419535    1.09330346887335    1.71487716894155    1.04559460630681
38.8000000000008    0.007329682942468    -0.00924209028215405    2.86539662744564    1.07176892949256    1.69273237790077    1.03522148029288
38.9000000000008    0.0063867223573285    -0.0089926048780845    2.81596561279225    1.05727440280856    1.67807175727672    1.02819917130197
39.0000000000008    0.00564790265357748    -0.00526947053039234    2.80777484696538    1.05613247799579    1.67563210406133    1.02766955324955
39.1000000000008    0.0054107810562339    0.000773941744103121    2.8437120475206    1.06384086896598    1.68632226189686    1.03142632794599
39.2000000000008    0.00581556412392617    0.00719925625006937    2.91309415105162    1.07203878643266    1.70676897389938    1.03536802980491
39.3000000000008    0.00678973015027728    0.0118259035459731    2.99456715300219    1.07674313062796    1.73046844887928    1.03759494921346
39.4000000000007    0.00806897648472883    0.0131434121090244    3.06275148043348    1.08030491463355    1.75005324834759    1.03929407068052
39.5000000000007    0.00929649961309145    0.0108483935819583    3.09660649917018    1.08435828310863    1.75969317617167    1.04126874315199
39.6000000000007    0.0101480939283538    0.00587016436446599    3.08639965904779    1.08601924894705    1.75678589339663    1.04210593996838
39.7000000000007    0.0104390812748127    -4.39032707784896e-05    3.0367110597355    1.08208611331904    1.74258488611535    1.04023368114647
39.8000000000007    0.0101686471690565    -0.00508616696053979    2.96462541455663    1.06933046892781    1.72177873525357    1.03407185428937
39.9000000000006    0.0094966029119652    -0.0079010552916787    2.89388579385475    1.05121140414687    1.70111598910476    1.0252555669062
