0    0.000638797888324467    0.000528079577223895    0.000640418333537832    0.000527049366009798    0.00795091684487189    3.30859648015508e-10    3.02128245904806e-11    0.0102852623710404    1.08977900825413
0.1    0.000423644062670881    0.000361550049876901    0.000424483225638099    0.000360780801325767    0.00795103754511865    2.27185680150168e-10    2.65492604107777e-11    0.00952149593836524    1.19832759780636
0.2    0.000293174475090226    0.000254855449755639    0.000293489019683217    0.000254419190358574    0.00795113093177077    1.60287675253894e-10    2.18174828805256e-11    0.00904706924876358    1.30648346529556
0.3    0.000209950663242437    0.000184109116901077    0.000209943482257156    0.000183968668562923    0.007951204653121    1.15683316529605e-10    1.64754037101619e-11    0.00873917671624331    1.41437660530202
0.4    0.000154515718496094    0.0001359448616129    0.000154342019160808    0.00013601685242396    0.00795126363667855    8.52205945567791e-11    1.14620373011137e-11    0.00853208318505495    1.52210765289779
0.5    0.000116210592674061    0.000102461015890389    0.000115981473255752    0.000102653835999338    0.00795131123616621    6.40311547611515e-11    7.48477497387615e-12    0.00838861822550168    1.62972928164243
0.6    8.89305740571254e-05    7.8760188677035e-05    8.87176570699211e-05    7.89950328294245e-05    0.00795134988159953    4.90579184916996e-11    4.72472981633554e-12    0.00828675338801569    1.73808375080333
0.7    6.90355406435272e-05    6.16893827810619e-05    6.88773447978636e-05    6.19096388983097e-05    0.00795138144260531    3.83087116531554e-11    2.8991913392811e-12    0.00821289339093398    1.84731894753662
0.8    5.42665742351904e-05    4.91630064403475e-05    5.41761372708315e-05    4.93358562663684e-05    0.00795140742118679    3.04555714710824e-11    1.52743596467589e-12    0.00815834902738253    1.95735648737492
0.900000000000001    4.31619161483822e-05    3.97801456802282e-05    4.31347759139758e-05    3.98934171458964e-05    0.00795142904501093    2.46035489465716e-11    2.19818543176279e-13    0.00811739932472278    2.06846866741272
1    3.47336118180585e-05    3.25954506800847e-05    3.47552455088727e-05    3.26521149815399e-05    0.00795144730799505    2.01473662474679e-11    -1.14772527937653e-12    0.00808618374998325    2.18025232936896
1.1    2.82857117022075e-05    2.69732094790693e-05    2.83377378417318e-05    2.6985311341901e-05    0.00795146298939637    1.66780489622328e-11    -2.42752266597351e-12    0.0080620449740118    2.29240289564855
1.2    2.33112057917449e-05    2.24888745513816e-05    2.33759508956048e-05    2.2472101446887e-05    0.00795147667077383    1.39206110413412e-11    -3.32994068235812e-12    0.00804312481405012    2.40333700370524
1.3    1.94329512999872e-05    1.88598286794642e-05    1.94962876191344e-05    1.88293920017313e-05    0.00795148876050815    1.16915981758908e-11    -3.60304038841281e-12    0.00802810722819702    2.51223651631976
1.4    1.63687466580013e-05    1.58959870014896e-05    1.64213606753785e-05    1.58640437453947e-05    0.00795149952786717    9.86909525414813e-12    -3.17054745997651e-12    0.00801604967264598    2.61952090358825
1.5    1.39091307781155e-05    1.3465086916965e-05    1.39465520486132e-05    1.34396023045065e-05    0.00795150914328939    8.37073361091354e-12    -2.172137946187e-12    0.00800626952153619    2.72604793212887
1.6    1.19015317147378e-05    1.14693978936032e-05    1.19233297528277e-05    1.14541469787832e-05    0.0079515177188241    7.13767343788964e-12    -9.03456882011954e-13    0.00799826613139827    2.83218279169904
1.7    1.02375043496788e-05    9.83130244510199e-06    1.02460578824854e-05    9.82662221150687e-06    0.00795152534243837    6.12391452714737e-12    3.0213701023224e-13    0.0079916668357532    2.93888359833851
1.8    8.84169276467333e-06    8.4854499246943e-06    8.84087289364379e-06    8.48935878060854e-06    0.00795153210162188    5.29040109021748e-12    1.19032604453849e-12    0.00798618948246623    3.04681412481676
1.9    7.66221324124073e-06    7.37534625441506e-06    7.65622647385753e-06    7.38471406373742e-06    0.00795153809451251    4.60278078864709e-12    1.65309955339469e-12    0.00798161660080164    3.15555510567042
2    6.66262648938091e-06    6.45249196318846e-06    6.65515998872219e-06    6.46403976368954e-06    0.0079515434297484    4.03120439755624e-12    1.72895783710274e-12    0.00797777775371354    3.26611687210944
2.1    5.81574675000165e-06    5.67656040342228e-06    5.80946529230364e-06    5.68756903341963e-06    0.00795154821852485    3.55070489288272e-12    1.55033127136943e-12    0.00797453756510503    3.37733525397518
2.2    5.09938738453313e-06    5.01557883649314e-06    5.09576047298646e-06    5.02427225502483e-06    0.00795155256346398    3.14134207733041e-12    1.27134561773888e-12    0.00797178756682571    3.48790248015011
2.29999999999999    4.4939076830101e-06    4.44556069970029e-06    4.49329978517481e-06    4.45119378791785e-06    0.0079515565486865    2.7879514212144e-12    1.00933117736735e-12    0.00796944051443958    3.59785572329906
2.39999999999999    3.9812102080228e-06    3.94945853203358e-06    3.98314543838758e-06    3.95217855979649e-06    0.00795156023422939    2.47962730928386e-12    8.19197911838813e-13    0.00796742623026645    3.70598850557621
2.49999999999999    3.54470786449346e-06    3.51560584142499e-06    3.54821781406021e-06    3.51617413145876e-06    0.00795156365606429    2.20902148075757e-12    7.00770514556e-13    0.00796568836462552    3.81269776502843
2.59999999999999    3.16975955441675e-06    3.1359682329028e-06    3.17373364036266e-06    3.13542859422153e-06    0.00795156683114106    1.9714293006139e-12    6.25121258760541e-13    0.00796418172375951    3.91962004000522
2.69999999999999    2.84415203593194e-06    2.80453928043054e-06    2.84762848244366e-06    2.80390762174214e-06    0.00795156976547453    1.76369191102689e-12    5.61969602874361e-13    0.00796286999522074    4.02610670339081
2.79999999999998    2.55834903620919e-06    2.51613112573786e-06    2.56070728112126e-06    2.51616082932038e-06    0.00795157246271691    1.58312687118065e-12    4.95499080653201e-13    0.00796172381306792    4.13241412242398
2.89999999999998    2.30539257655748e-06    2.26567316685126e-06    2.3064314299689e-06    2.26672707001944e-06    0.00795157493087855    1.42680444145571e-12    4.25506375350598e-13    0.00796071915697426    4.23976553872448
2.99999999999998    2.08048497866473e-06    2.0479934920894e-06    2.08039276704251e-06    2.05002893094661e-06    0.00795157718573692    1.29136608116653e-12    3.58937792367257e-13    0.00795983608755597    4.34797493796484
3.09999999999998    1.88037508148952e-06    1.85795428850923e-06    1.87961609011873e-06    1.8606056170679e-06    0.00795157925061264    1.17330483502295e-12    3.00074422801445e-13    0.00795905780316321    4.45667871213744
3.19999999999998    1.70270802646276e-06    1.69076374680249e-06    1.70186179485029e-06    1.69348987596656e-06    0.00795158115328574    1.06940807422209e-12    2.45725951986219e-13    0.00795836997804495    4.56613588352367
3.29999999999997    1.54548034479967e-06    1.54229378112492e-06    1.54507521671551e-06    1.54454893181846e-06    0.00795158292150961    9.77060928068748e-13    1.87162492364646e-13    0.00795776032094829    4.67447213363117
3.39999999999997    1.40668864568557e-06    1.40928126649014e-06    1.40706778389706e-06    1.41066664872006e-06    0.00795158457876011    8.94294668576345e-13    1.16239655213128e-13    0.00795721828411544    4.78252992726564
3.49999999999997    1.28419367692159e-06    1.28935864029771e-06    1.28544121536403e-06    1.2897209989638e-06    0.00795158614152016    8.19666417939608e-13    3.13330738712837e-14    0.0079567348569027    4.88998083296514
3.59999999999997    1.17576293735389e-06    1.1809252665339e-06    1.17770223731331e-06    1.18038327801154e-06    0.00795158761873407    7.52123128268171e-13    -6.03946053146087e-14    0.00795630239314501    4.99518663104496
3.69999999999997    1.07921865895366e-06    1.08291705220548e-06    1.0814771466118e-06    1.08181499096125e-06    0.00795158901331333    6.90924065364035e-13    -1.45355255246571e-13    0.00795591444170763    5.09947213159508
3.79999999999996    9.92609078063308e-07    9.94550401237694e-07    9.9472877712673e-07    9.9335606273267e-07    0.00795159032495594    6.35584515592974e-13    -2.08995198084957e-13    0.00795556556970169    5.20384171112459
3.89999999999996    9.14336131063768e-07    9.15108828321987e-07    9.15899266529912e-07    9.14285297928777e-07    0.00795159155324359    5.85772354361622e-13    -2.41557773923507e-13    0.00795525118311164    5.30879856493879
3.99999999999996    8.43202763237584e-07    8.43814553788923e-07    8.43939884066632e-07    8.43700162384988e-07    0.00795159270003518    5.41152479209273e-13    -2.41623713013509e-13    0.00795496735769818    5.41482575967487
4.09999999999996    7.78376452067089e-07    7.79794614607047e-07    7.78230662146485e-07    7.80521406045018e-07    0.00795159377053301    5.01252876794984e-13    -2.1623639150946e-13    0.0079547106939529    5.52216271545616
4.19999999999995    7.19292239628115e-07    7.22122397236415e-07    7.18425571277031e-07    7.23591967874896e-07    0.00795159477288441    4.65436719978115e-13    -1.77990945589739e-13    0.00795447820534787    5.63009329181538
4.29999999999995    6.65532396090191e-07    6.69898494314906e-07    6.6427576379728e-07    6.71818348367158e-07    0.00795159571668274    4.32997171823697e-13    -1.40573424037864e-13    0.00795426724197774    5.73689797457849
4.39999999999995    6.16719542918888e-07    6.22331985171914e-07    6.15482042034289e-07    6.2429979527353e-07    0.00795159661100692    4.03307992861612e-13    -1.14551748263398e-13    0.00795407544466108    5.84359999577937
4.49999999999995    5.7244869904009e-07    5.78792552476987e-07    5.71611618023153e-07    5.80404011629956e-07    0.00795159746273404    3.75933521741377e-13    -1.04809977395585e-13    0.00795390071988633    5.94976537681862
4.59999999999995    5.32266932138082e-07    5.38820036237071e-07    5.32090433638211e-07    5.39771209265496e-07    0.00795159827565591    3.50642388285113e-13    -1.10194479833397e-13    0.00795374122450763    6.05543375938833
4.69999999999994    4.95693235115061e-07    5.02094839859546e-07    4.96258868271883e-07    5.02252994132678e-07    0.00795159905063054    3.27338662782536e-13    -1.2508222000359e-13    0.00795359535077018    6.15914740027393
4.79999999999994    4.62260637640758e-07    4.68384810835733e-07    4.63462277732057e-07    4.67811422204497e-07    0.00795159978661716    3.05967369136797e-13    -1.41988304252277e-13    0.00795346170592955    6.26226884309233
4.89999999999994    4.31559600532254e-07    4.37488978409758e-07    4.33142143344753e-07    4.36412045488633e-07    0.00795160048217636    2.86446584477986e-13    -1.54153517904492e-13    0.00795333908507643    6.36633319299018
4.99999999999994    4.03265894066319e-07    4.09195803651143e-07    4.04898707983254e-07    4.07941987699179e-07    0.00795160113690682    2.68644616107483e-13    -1.57278850763548e-13    0.00795322643941159    6.46959595897337
5.09999999999994    3.77144818373458e-07    3.83265655722783e-07    3.78508787380378e-07    3.82172535562252e-07    0.00795160175235374    2.52390695168646e-13    -1.50052486289467e-13    0.00795312284425312    6.57418757560092
5.19999999999993    3.53033250260989e-07    3.59437553405056e-07    3.53898150004214e-07    3.58770058879643e-07    0.00795160233213989    2.37498353602702e-13    -1.33624348135674e-13    0.00795302747125631    6.67940736365144
5.29999999999993    3.30808377424287e-07    3.37452214405023e-07    3.31081495887388e-07    3.3734445123741e-07    0.00795160288134347    2.23787101320699e-13    -1.1052143290641e-13    0.00795293956799569    6.7832172767335
5.39999999999993    3.10355142371134e-07    3.17079432986556e-07    3.10090972041303e-07    3.17514840008475e-07    0.00795160340539088    2.11097017587098e-13    -8.35612967239124e-14    0.00795285844590582    6.88673466138845
5.49999999999993    2.91543054750565e-07    2.9813840864106e-07    2.9091484398526e-07    2.9897008986659e-07    0.00795160390886082    1.99295772766873e-13    -5.51444482275342e-14    0.00795278347540221    6.98931053094434
5.59999999999993    2.74218318785186e-07    2.80503939621409e-07    2.7346219903997e-07    2.81506276558492e-07    0.00795160439459841    1.88279884423093e-13    -2.70259449383293e-14    0.00795271408549367    7.09106353921651
5.69999999999992    2.58211223181587e-07    2.64097399407491e-07    2.57559936190034e-07    2.65032541629891e-07    0.00795160486340055    1.77973776524572e-13    -4.38816679788277e-16    0.0079526497646785    7.19238711073886
5.79999999999992    2.433536147069e-07    2.48866901339413e-07    2.42978124504128e-07    2.49547237684078e-07    0.00795160531433514    1.68329809531129e-13    2.36430605523133e-14    0.00795259006040535    7.29231443469553
5.89999999999992    2.29498584178364e-07    2.34764290843689e-07    2.29472123834168e-07    2.35094800702838e-07    0.00795160574554474    1.59328169116748e-13    4.42705922170941e-14    0.0079525345755479    7.38942310732103
5.99999999999992    2.16534785779594e-07    2.21726828449518e-07    2.16826566763663e-07    2.21718112950792e-07    0.00795160615524439    1.50970595717634e-13    6.03911120714778e-14    0.00795248296174969    7.48859372212003
6.09999999999991    2.04390594336364e-07    2.09668967289764e-07    2.0488777846052e-07    2.09420540816588e-07    0.00795160654258752    1.43262867809657e-13    7.08467897546443e-14    0.00795243491068253    7.58928701446687
6.19999999999991    1.93027343614054e-07    1.9848564504841e-07    1.93576402508245e-07    1.98147165942402e-07    0.00795160690813982    1.36189787312076e-13    7.45146886804462e-14    0.00795239014490764    7.69052629529298
6.29999999999991    1.82424696520979e-07    1.88064509909276e-07    1.82878905668344e-07    1.8778788028594e-07    0.00795160725384201    1.29696434521688e-13    7.06025598195359e-14    0.0079523484100347    7.79181471465481
6.39999999999991    1.72563550799443e-07    1.78301807823023e-07    1.72823015090186e-07    1.78198279422755e-07    0.00795160758252538    1.23690286421472e-13    5.90638829797627e-14    0.00795230946936127    7.89109886743768
6.49999999999991    1.63412178909535e-07    1.69116011391459e-07    1.63446204140268e-07    1.69229624444156e-07    0.00795160789716999    1.18066829206407e-13    4.09942009221422e-14    0.00795227310134794    7.98811521185465
6.5999999999999    1.54919676071903e-07    1.60454651457699e-07    1.54767203111213e-07    1.60757650154467e-07    0.00795160820015925    1.12744700224535e-13    1.87878193399328e-14    0.00795223909947157    8.08409414118358
6.6999999999999    1.47017991391108e-07    1.5229254431806e-07    1.46768333618505e-07    1.52701702591089e-07    0.00795160849277743    1.07688739373454e-13    -4.13868817333532e-15    0.00795220727345289    8.18046105048906
6.7999999999999    1.39630886400735e-07    1.44622649276436e-07    1.39392282266637e-07    1.45029676769068e-07    0.00795160877508337    1.02907466520736e-13    -2.40772817396673e-14    0.00795217745065692    8.27404830828695
6.8999999999999    1.32686073752879e-07    1.37443115291932e-07    1.32552226260613e-07    1.3774902773948e-07    0.00795160904617449    9.84291635882463e-14    -3.79878000737647e-14    0.00795214947667798    8.36437626715351
6.9999999999999    1.26126129971451e-07    1.30744997728063e-07    1.26150448693205e-07    1.30888225203375e-07    0.00795160930472216    9.42739968593866e-14    -4.42870189001795e-14    0.00795212321457374    8.4526537824374
7.09999999999989    1.19914617336735e-07    1.24504489900558e-07    1.20098724242822e-07    1.24475296755794e-07    0.00795160954958614    9.04389617619792e-14    -4.31008757079505e-14    0.00795209854276171    8.54026068521107
7.19999999999989    1.14035766242262e-07    1.18681684004544e-07    1.14334117000809e-07    1.18520119890177e-07    0.00795160978030891    8.69003303945972e-14    -3.58670589132352e-14    0.00795207535204708    8.62805983146013
7.29999999999989    1.08488332288682e-07    1.13225566129313e-07    1.08826020474064e-07    1.13005163317996e-07    0.00795160999733939    8.36257905189585e-14    -2.45205023460893e-14    0.0079520535424807    8.71680317578068
7.39999999999989    1.03276085361102e-07    1.08082957665377e-07    1.03573406411814e-07    1.07886276199356e-07    0.00795161020193762    8.05849662711867e-14    -1.07238349652858e-14    0.00795203302073312    8.80548130020359
7.49999999999988    9.83982563845827e-08    1.03208055694806e-07    9.85942870619483e-08    1.03101943994219e-07    0.00795161039581627    7.77528134745624e-14    4.43606865223145e-15    0.00795201369844159    8.89116192651996
7.59999999999988    9.38429755011101e-08    9.8569351362215e-08    9.39114499101681e-08    9.85871243940858e-08    0.00795161058065402    7.51082437778029e-14    2.01689394269155e-14    0.00795199549165046    8.97609866950661
7.69999999999988    8.95854889608426e-08    9.41518636222714e-08    8.9539112973315e-08    9.42869188290364e-08    0.00795161075764505    7.26331766978682e-14    3.53929848101966e-14    0.00795197832113746    9.05771346395574
7.79999999999988    8.55912342690666e-08    8.99543437865132e-08    8.54742851084384e-08    9.01659950524117e-08    0.00795161092722068    7.03141879664013e-14    4.83399211150463e-14    0.00795196211319755    9.13571842221763
7.89999999999988    8.18222785839789e-08    8.59827758679379e-08    8.16947410325192e-08    8.62114650728548e-08    0.00795161108901827    6.81446599294694e-14    5.67623805050865e-14    0.00795194680040373    9.20840815825771
7.99999999999987    7.8244679531599e-08    8.2242583406763e-08    7.81633201472881e-08    8.24291645665063e-08    0.00795161124208423    6.61244398914851e-14    5.87756669585163e-14    0.00795193232195678    9.2770694216184
8.09999999999987    7.48342575432196e-08    7.87321577111233e-08    7.48364268566306e-08    7.88352498343968e-08    0.00795161138522691    6.42566826721071e-14    5.39272603008665e-14    0.00795191862343704    9.34512632158807
8.19999999999987    7.15790171383007e-08    7.54396591852211e-08    7.16736447426392e-08    7.54461742847568e-08    0.00795161151739017    6.25443396097222e-14    4.38646742654261e-14    0.00795190565599193    9.41248416888765
8.29999999999987    6.84777059042288e-08    7.23438050868269e-08    6.86454535325777e-08    7.22701922315139e-08    0.00795161163793765    6.09886977666693e-14    3.21231660180737e-14    0.00795189337518752    9.47766004725708
8.39999999999987    6.55353054335255e-08    6.94179955504394e-08    6.57369990484226e-08    6.93026742477236e-08    0.00795161174675391    5.95899307967337e-14    2.30123016288498e-14    0.0079518817398108    9.53962007534096
8.49999999999986    6.27571816568636e-08    6.66360970138492e-08    6.29473111012432e-08    6.65260861263228e-08    0.00795161184416465    5.83476805947133e-14    2.00844104081118e-14    0.00795187071091898    9.59659851587705
8.59999999999986    6.01439133414183e-08    6.39778051281752e-08    6.02847982817265e-08    6.39139851657701e-08    0.00795161193070696    5.72602397443254e-14    2.49195137749999e-14    0.00795186025129105    9.64919273902704
8.69999999999986    5.7688427188259e-08    6.1431823394434e-08    5.77608443403586e-08    6.14372808881548e-08    0.00795161200684709    5.63230976516201e-14    3.68051528520834e-14    0.00795185032531603    9.69704176256544
8.79999999999986    5.53761789565745e-08    5.89959587521221e-08    5.53836476041412e-08    5.90705734612949e-08    0.00795161207273819    5.5528948239104e-14    5.34115838085394e-14    0.0079518408992059    9.73914492264091
8.89999999999985    5.31880608504004e-08    5.66743258991644e-08    5.31540773482337e-08    5.67966638692532e-08    0.00795161212808834    5.4870314517015e-14    7.20403049997909e-14    0.00795183194134321    9.77372368935449
8.99999999999985    5.110484279694e-08    5.44727960775196e-08    5.10644710025075e-08    5.46081456182672e-08    0.00795161217216855    5.43437097315453e-14    9.07580678007844e-14    0.00795182342256914    9.80035201141075
9.09999999999985    4.9111537740908e-08    5.2394327608864e-08    4.91002848951393e-08    5.25060200473528e-08    0.00795161220393561    5.39528951897306e-14    1.08863145548184e-13    0.00795181531626872    9.81996138885013
9.19999999999985    4.72002199502065e-08    5.04357441804081e-08    4.72436670722302e-08    5.0496183499882e-08    0.00795161222220801    5.37094504216493e-14    1.26568241556523e-13    0.00795180759820299    9.83342953490938
9.29999999999985    4.53704351414341e-08    4.85869469085224e-08    4.54775777226632e-08    4.85851555459654e-08    0.00795161222582517    5.36307500382459e-14    1.44250906021566e-13    0.00795180024613837    9.83995265406821
9.39999999999984    4.3627191327823e-08    4.68326811280284e-08    4.37891214845686e-08    4.67764461649921e-08    0.00795161221372633    5.37368873023739e-14    1.61837706848988e-13    0.00795179323938201    9.84146587791381
9.49999999999984    4.19773182758529e-08    4.5156128365218e-08    4.21711984203114e-08    4.50685549630259e-08    0.00795161218492343    5.40482203588876e-14    1.78736827641084e-13    0.00795178655835624    9.83281367005681
9.59999999999984    4.04254766690263e-08    4.35430324981272e-08    4.06222344857019e-08    4.34549420824676e-08    0.00795161213838823    5.4584463364085e-14    1.94328722098201e-13    0.00795178018432288    9.81557457306758
9.69999999999984    3.89711461897072e-08    4.19849599529072e-08    3.91443855458162e-08    4.19256462068345e-08    0.00795161207288522    5.5365474649372e-14    2.08631809209026e-13    0.00795177409928711    9.78888166092973
9.79999999999984    3.76075370560015e-08    4.04806445870439e-08    3.77410263680524e-08    4.04697596279776e-08    0.00795161198682851    5.64134398500747e-14    2.22630221260403e-13    0.00795176828607519    9.74999963557143
9.89999999999983    3.6322701711122e-08    3.90350387998323e-08    3.64144360685283e-08    3.90778231411484e-08    0.00795161187819803    5.77557673050779e-14    2.37964094545201e-13    0.00795176272849347    9.69958192023307
9.99999999999983    3.51024025288923e-08    3.76564502343601e-08    3.51643863345694e-08    3.7743377495227e-08    0.00795161174454427    5.94276172587517e-14    2.5610467965482e-13    0.00795175741147639    9.63780842425599
10.0999999999998    3.39337500676037e-08    3.63527417426353e-08    3.39879360158577e-08    3.64633033672649e-08    0.00795161158306812    6.14730302579527e-14    2.77501834840482e-13    0.00795175232113828    9.56554777860604
10.1999999999998    3.28084258552036e-08    3.51278300636511e-08    3.28802923384767e-08    3.52370402695139e-08    0.00795161139073378    6.39445600194557e-14    3.01268895332517e-13    0.00795174744468752    9.48037317520721
10.2999999999998    3.1724487889424e-08    3.39795731732372e-08    3.18362650322167e-08    3.4065138023745e-08    0.00795161116435606    6.69027808692544e-14    3.25701364095518e-13    0.00795174277021279    9.38043055928348
10.3999999999998    3.06862464844559e-08    3.28996552256955e-08    3.0851710600198e-08    3.29477549288355e-08    0.00795161090061221    7.0417833772672e-14    3.49460031688348e-13    0.00795173828639932    9.26984593452523
10.4999999999998    2.97023226856238e-08    3.18754301645712e-08    2.99244563881444e-08    3.18836468187584e-08    0.00795161059594725    7.45743486205488e-14    3.7285203652274e-13    0.00795173398225073    9.14661154361456
10.5999999999998    2.87825593687481e-08    3.08930812079823e-08    2.90544494579211e-08    3.08699428678626e-08    0.0079516102463839    7.94790374852188e-14    3.98542432759039e-13    0.00795172984689482    9.00927808733639
10.6999999999998    2.79347774928871e-08    2.99410781754449e-08    2.82431875482993e-08    2.990268289944e-08    0.00795160984726897    8.52686449550935e-14    4.31283679198453e-13    0.00795172586951164    8.86152103912956
10.7999999999998    2.71623710042911e-08    2.90128710450942e-08    2.74927453961514e-08    2.89778155866543e-08    0.00795160939301861    9.21162619934027e-14    4.76724169889838e-13    0.00795172203939048    8.70074918247616
10.8999999999998    2.64634318963709e-08    2.81080410021685e-08    2.68048272633062e-08    2.80922178548535e-08    0.00795160887690778    1.00236174125174e-13    5.39799233823662e-13    0.00795171834606583    8.5261586327194
10.9999999999998    2.58316018455399e-08    2.72316346163685e-08    2.61802288298243e-08    2.72443281146229e-08    0.00795160829095033    1.09889724066242e-13    6.2339697528727e-13    0.00795171477947702    8.33831463584956
11.0999999999998    2.52583205492311e-08    2.63919665328316e-08    2.5618910730275e-08    2.64341628356981e-08    0.00795160762586219    1.21395280322211e-13    7.2784956780449e-13    0.00795171133007209    8.13861039904597
11.1999999999998    2.47357444383419e-08    2.55976185123592e-08    2.51206466796885e-08    2.56627332494661e-08    0.00795160687108037    1.35143972694628e-13    8.51423374136254e-13    0.00795170798880982    7.93024400268688
11.2999999999998    2.42594541945053e-08    2.48545615411169e-08    2.46859999355935e-08    2.49311042292808e-08    0.0079516060147784    1.51620839765316e-13    9.91568526101574e-13    0.00795170474704149    7.71491809600102
11.3999999999998    2.38301868477586e-08    2.41642383630987e-08    2.43172741937959e-08    2.42394626927005e-08    0.00795160504381389    1.71430393800218e-13    1.14642942291464e-12    0.00795170159629385    7.49443099589804
11.4999999999998    2.34541655771956e-08    2.35231110873461e-08    2.40191104354344e-08    2.35865500069682e-08    0.00795160394354914    1.95327122842982e-13    1.31609648007603e-12    0.00795169852799767    7.26921804645134
11.5999999999998    2.31420427984881e-08    2.29237173742045e-08    2.37985436066404e-08    2.2969673572857e-08    0.0079516026975292    2.24254132848752e-13    1.50325343491856e-12    0.00795169553323406    7.03925101360274
11.6999999999998    2.29068813599451e-08    2.23568346245649e-08    2.36645371932278e-08    2.23853014376296e-08    0.00795160128700632    2.59395192654867e-13    1.71312259007173e-12    0.00795169260253346    6.80362760182714
11.7999999999998    2.27618559638775e-08    2.18140549802697e-08    2.36272066004009e-08    2.18300366619903e-08    0.00795159969036197    3.02245831782492e-13    1.95281436654267e-12    0.00795168972577124    6.56411354876555
11.8999999999998    2.27183972045879e-08    2.12900021820279e-08    2.36970581549582e-08    2.13016364160464e-08    0.00795159788247234    3.54708339897094e-13    2.23029164447489e-12    0.0079516868921513    6.32351345974968
11.9999999999998    2.27853278736778e-08    2.07835795781219e-08    2.38845729482365e-08    2.07997269883187e-08    0.00795159583405882    4.19215040117087e-13    2.55317749714735e-12    0.00795168409023861    6.08066418558689
12.0999999999998    2.29692221549112e-08    2.02979635626277e-08    2.42003567653784e-08    2.03259712704252e-08    0.00795159351106109    4.9888541623472e-13    2.92761265270222e-12    0.00795168130800134    5.83633640316834
12.1999999999998    2.32758578756348e-08    1.98394406997554e-08    2.4655898862704e-08    1.98836311926232e-08    0.00795159087401213    5.97725988079355e-13    3.35733517003827e-12    0.00795167853279582    5.59579574631638
12.2999999999998    2.3712339050905e-08    1.94155129070259e-08    2.52647951174372e-08    1.94766700580364e-08    0.00795158787738213    7.20886881439622e-13    3.84309902195759e-12    0.00795167575126325    5.35771870503689
12.3999999999998    2.42893210216072e-08    1.9032872670286e-08    2.60441575346079e-08    1.9108691504333e-08    0.0079515844688142    8.74995407693792e-13    4.38243789258362e-12    0.00795167294911436    5.12419229486777
12.4999999999998    2.50228040604821e-08    1.86958395993458e-08    2.70158950305914e-08    1.87820644558277e-08    0.00795158058816972    1.06859476006145e-12    4.96960027551801e-12    0.00795167011081107    4.89868674384772
12.5999999999998    2.59351490828719e-08    1.84056694386368e-08    2.8207619901371e-08    1.84975222316442e-08    0.00795157616630431    1.31272579606348e-12    5.59526371652845e-12    0.00795166721917295    4.68187013359388
12.6999999999998    2.70552437257551e-08    1.81608637355177e-08    2.96530859244542e-08    1.82543714635228e-08    0.00795157112351544    1.62170265431193e-12    6.24545290527478e-12    0.00795166425494745    4.47335469093145
12.7999999999998    2.84180217942254e-08    1.79583138476576e-08    3.13922478286962e-08    1.80512537327398e-08    0.00795156536762016    2.01414950256608e-12    6.89901127986332e-12    0.00795166119637052    4.27380800245754
12.8999999999998    3.00637350294559e-08    1.77948933027438e-08    3.34711896967897e-08    1.78872321476279e-08    0.00795155879165396    2.51438716559041e-12    7.52302964859488e-12    0.00795165801874155    4.08050212522727
12.9999999999998    3.20374448495291e-08    1.7669024496731e-08    3.5942253958212e-08    1.77628797814091e-08    0.00795155127117678    3.15428673089233e-12    8.06575779998923e-12    0.00795165469399991    3.89572630863001
13.0999999999998    3.43891365932705e-08    1.75818024333275e-08    3.88646902966532e-08    1.76810548754209e-08    0.00795154266117591    3.97574586109695e-12    8.44658979499705e-12    0.00795165119028244    3.71825369491694
13.1999999999998    3.71746932466354e-08    1.75374292795442e-08    4.23060435871759e-08    1.76471536761764e-08    0.0079515327925155    5.03399745438428e-12    8.54258016945741e-12    0.00795164747141187    3.54951407424344
13.2999999999998    4.04577593912135e-08    1.75429381126544e-08    4.63443478150442e-08    1.7668800125116e-08    0.00795152146785194    6.40203614253614e-12    8.17052104504278e-12    0.00795164349626994    3.3898362223474
13.3999999999998    4.43123451830288e-08    1.76073919338428e-08    5.10710399175077e-08    1.77551087027131e-08    0.00795150845688549    8.17655439043623e-12    7.06286862538825e-12    0.00795163921801065    3.24002663651755
13.4999999999998    4.88259168259153e-08    1.77408764810041e-08    5.65944036258038e-08    1.79157881066333e-08    0.00795149349076629    1.0485927666206e-11    4.83478803467428e-12    0.00795163458307204    3.10049805161352
13.5999999999998    5.41027188825995e-08    1.79536323322752e-08    6.30433323641544e-08    1.8160400667445e-08    0.00795147625544477    1.35009921425781e-11    9.38321953282144e-13    0.00795162952996833    2.96955463973368
13.6999999999998    6.02671675540637e-08    1.82555971687217e-08    7.05712700282263e-08    1.84980441432105e-08    0.00795145638371702    1.74496393766469e-11    -5.40185793534427e-12    0.00795162398784369    2.84774688536729
13.7999999999998    6.74673091377786e-08    1.86564862640349e-08    7.93603300828412e-08    1.89375969232466e-08    0.00795143344569592    2.2636639648303e-11    -1.52786488286831e-11    0.00795161787477632    2.73480418901823
13.8999999999997    7.58785072643958e-08    1.91663781908905e-08    8.96257682255725e-08    1.94885055913314e-08    0.00795140693741194    2.94706405070821e-11    -3.02289298293149e-11    0.00795161109581293    2.6315662765153
13.9999999999997    8.57076614906469e-08    1.97966431836407e-08    1.01621146312098e-07    2.01619455528876e-08    0.00795137626721259    3.8501028150737e-11    -5.2410352713585e-11    0.00795160354069981    2.53568148098973
14.0999999999997    9.71983393218461e-08    2.05609884420199e-08    1.1564463729109e-07    2.09720951857184e-08    0.00795134073956716    5.04683696202652e-11    -8.4848267335055e-11    0.0079515950812475    2.44828357835389
14.1999999999997    1.10637217698545e-07    2.14764090218644e-08    1.32046963548368e-07    2.1937256773356e-08    0.00795129953581341    6.637359177419e-11    -1.31780507971046e-10    0.00795158556825353    2.36856735796151
14.2999999999997    1.26362195147546e-07    2.25639114906258e-08    1.51241439739291e-07    2.30806326167804e-08    0.00795125169125194    8.75730676482585e-11    -1.99139022914071e-10    0.00795157482786498    2.29683354049829
14.3999999999997    1.44772484757213e-07    2.38489891792191e-08    1.73716533721057e-07    2.4430697143305e-08    0.00795119606787025    1.15909613920758e-10    -2.95223173020396e-10    0.00795156265726149    2.23228352042462
14.4999999999997    1.66340968511216e-07    2.53619353177602e-08    2.00051307417632e-07    2.60212547651757e-08    0.00795113132177888    1.53893400740259e-10    -4.31641859794578e-10    0.00795154881949644    2.17443419920503
14.5999999999997    1.91629117003281e-07    2.71381521546559e-08    2.30934097342425e-07    2.78913950717283e-08    0.00795105586424917    2.04952432458011e-10    -6.24633247894011e-10    0.00795153303732992    2.12260381833652
14.6999999999997    2.21304873303684e-07    2.9218633820919e-08    2.67184876697466e-07    3.00856183176565e-08    0.00795096781498302    2.73780285695425e-10    -8.969157224088e-10    0.00795151498584972    2.07757050869814
14.7999999999997    2.56164068136126e-07    3.16507701703609e-08    3.09781925116514e-07    3.26543914147002e-08    0.00795086494596167    3.6682021390769e-10    -1.28028757877072e-09    0.00795149428364915    2.03779531434143
14.8999999999997    2.97156165701322e-07    3.44895559624193e-08    3.59893717408312e-07    3.56553168562404e-08    0.00795074461386865    4.92941028441695e-10    -1.81928391849695e-09    0.00795147048228169    2.00255436320918
14.9999999999997    3.45415421193766e-07    3.77992210925749e-08    4.18917314784315e-07    3.91549823628805e-08    0.00795060367864956    6.64383504762937e-10    -2.57632895538683e-09    0.00795144305364354    1.97224136234168
15.0999999999997    4.02298853243733e-07    4.16552491328834e-08    4.88524983243199e-07    4.3231445610287e-08    0.00795043840523269    8.98089600997449e-10    -3.63900717795004e-09    0.00795141137484634    1.94589475330254
15.1999999999997    4.69432801983574e-07    4.61467406512685e-08    5.7072126504627e-07    4.79772326739708e-08    0.00795024434478218    1.21757516874913e-09    -5.13034181594624e-09    0.00795137471005588    1.92323756878483
15.2999999999997    5.48770280618522e-07    5.13791089697839e-08    6.67913301893627e-07    5.35027153298351e-08    0.00795001619095313    1.65557697335975e-09    -7.22334905903043e-09    0.00795133218858785    1.90373221591882
15.3999999999997    6.42661881574336e-07    5.74771606205892e-08    7.82997892602728e-07    5.99397874502387e-08    0.00794974760558119    2.25780698192677e-09    -1.01616827974733e-08    0.00795128277842762    1.88727576869015
15.4999999999997    7.53943735362455e-07    6.45886936776724e-08    9.19469637182316e-07    6.74458721864924e-08    0.00794943100682818    3.08829639645859e-09    -1.42889722019099e-08    0.00795122525409078    1.87349308829626
15.5999999999997    8.86047030085599e-07    7.28888256866921e-08    1.08155568143926e-06    7.6208433719087e-08    0.00794905731106869    4.23703200362996e-09    -2.00905927874467e-08    0.00795115815747884    1.86232496946538
15.6999999999997    1.04313499396081e-06    8.25853258093871e-08    1.27438417617243e-06    8.64503098725529e-08    0.00794861561756272    5.83091334560658e-09    -2.82532613988643e-08    0.00795107975002049    1.85370662379483
15.7999999999997    1.23027516545381e-06    9.39252701692782e-08    1.5041957885076e-06    9.84363001296652e-08    0.00794809282209995    8.04954503290557e-09    -3.97502432394054e-08    0.00795098795392601    1.84713673161816
15.8999999999997    1.45365741651082e-06    1.07203374370499e-07    1.7786106907624e-06    1.12481526550475e-07    0.00794747314210417    1.11481077758796e-08    -5.59634538155515e-08    0.00795088027976632    1.84230609784148
15.9999999999997    1.72087182055398e-06    1.22772402065608e-07    2.10696772639796e-06    1.28962139811781e-07    0.00794673753085215    1.54906548036458e-08    -7.8858848203489e-08    0.00795075373674758    1.83890335920316
16.0999999999997    2.04126545223734e-06    1.41056128508125e-07    2.50075836049618e-06    1.48328993637279e-07    0.00794586295214712    2.15988628017038e-08    -1.11238985270629e-07    0.00795060472095953    1.83682736081126
16.1999999999997    2.42640413043695e-06    1.62565479659989e-07    2.97418620371593e-06    1.71124996136199e-07    0.00794482147836947    3.02238557054095e-08    -1.5710768857371e-07    0.00795042887534655    1.83589290690246
16.2999999999997    2.89067478753119e-06    1.87918694990401e-07    3.54489428325932e-06    1.98007010778862e-07    0.00794357916362207    4.24527428041847e-08    -2.22198031996055e-07    0.00795022091310944    1.8357930233481
16.3999999999998    3.45207775698109e-06    2.17866697781922e-07    4.23491817785828e-06    2.29773468913885e-07    0.00794209462856458    5.98678281979532e-08    -3.14739075917225e-07    0.0079499743934184    1.83699579094736
16.4999999999998    4.13327754102158e-06    2.53325324384108e-07    5.07194560985542e-06    2.67399314635555e-07    0.00794031727299876    8.47864712964591e-08    -4.46572848212262e-07    0.00794968143441175    1.83910686495009
16.5999999999998    4.96300803533745e-06    2.95416696598201e-07    6.09099495447175e-06    3.12080577574882e-07    0.00793818500421701    1.20625666198219e-07    -6.34787084838999e-07    0.00794933234306235    1.84190870474438
16.6999999999998    5.97796731306561e-06    3.45522872609999e-07    7.33667049569291e-06    3.65291815914792e-07    0.00793562133040745    1.72461540455802e-07    -9.04110566180764e-07    0.00794891513387901    1.84557876701053
16.7999999999998    7.2253929916864e-06    4.05356068311122e-07    8.86621699096039e-06    4.28860971122147e-07    0.00793253161482433    2.47896943867515e-07    -1.29044096790248e-06    0.00794841489782238    1.84982134494723
16.8999999999998    8.76658910618253e-06    4.77051337407553e-07    1.07536884496278e-05    5.0506795189595e-07    0.00792879821157384    3.58421836901039e-07    -1.84606248762204e-06    0.00794781296776823    1.85491470492237
16.9999999999999    1.06817892667577e-05    5.63289835477329e-07    1.30956773459126e-05    5.96775709197141e-07    0.00792427409907444    5.21571780430041e-07    -2.64739730841149e-06    0.0079470858057038    1.86042271447467
17.0999999999999    1.30769021494185e-05    6.67463954952065e-07    1.60192358836081e-05    7.07605961654269e-07    0.00791877447986574    7.64395605635987e-07    -3.80657652614582e-06    0.00794620350689486    1.86654490109825
17.1999999999999    1.60929112933786e-05    7.93900097468285e-07    1.96928792279748e-05    8.4217648558597e-07    0.00791206560807225    1.12909859789713e-06    -5.48879964880279e-06    0.00794512777412575    1.87341813611017
17.2999999999999    1.99190117024661e-05    9.48161171801018e-07    2.43419122894787e-05    1.00642354256727e-06    0.00790384981449491    1.68234742339157e-06    -7.93851445838601e-06    0.00794380915616623    1.8807505257581
17.3999999999999    2.48109787749978e-05    1.13745974256957e-06    3.02697816224339e-05    1.20804227129342e-06    0.00789374529241044    2.53081454426602e-06    -1.15191060954696e-05    0.00794218326327054    1.88852276861505
17.4999999999999    3.1116783143488e-05    1.37122490979726e-06    3.78877129142075e-05    1.4570905062318e-06    0.0078812586455272    3.84747444301292e-06    -1.67733686496778e-05    0.00794016556279426    1.8968962483861
17.6    3.93120431970704e-05    1.66188228897785e-06    4.775547568468e-05    1.7668182048482e-06    0.00786574744068632    5.91660201789499e-06    -2.45160461984595e-05    0.00793764421588133    1.90604679502553
17.7    5.00483833965081e-05    2.02592737046317e-06    6.06364868489925e-05    2.15480561711806e-06    0.00784636902008875    9.2115140661353e-06    -3.59758923204587e-05    0.0079344702450675    1.91584388405274
17.8    6.42177235117904e-05    2.4853973871889e-06    7.75700669629022e-05    2.64451707578863e-06    0.00782201062605687    1.45297533909221e-05    -5.30139385308743e-05    0.00793044414585458    1.92648300022006
17.9    8.30340440892299e-05    3.06987201818173e-06    9.99613511995499e-05    3.26739876918457e-06    0.00779119461665932    2.32285819095409e-05    -7.84579243933131e-05    0.0079252979402517    1.93691247688156
18    0.000108129486507487    3.81914904995567e-06    0.000129683093474464    4.06565600353734e-06    0.00775195162701979    3.76331115897628e-05    -0.000116610353254524    0.00791867177039047    1.94702042888826
18.1    0.000141650843647394    4.7867265646475e-06    0.000169170455420223    5.09581472148372e-06    0.00770165493882487    6.17330051308336e-05    -0.000174007041416594    0.00791008474289285    1.95766806159037
18.2    0.000186321991757617    6.04414081821051e-06    0.000221467219142349    6.43306572535622e-06    0.00763681298183439    0.000102337475935102    -0.000260515532331247    0.00789890134288178    1.96885695319577
18.3000000000001    0.000245406109045969    7.68600541098803e-06    0.000290151147780513    8.17616304495272e-06    0.00755282700629381    0.00017089864847581    -0.000390847144868597    0.00788429793518345    1.97938370757499
18.4000000000001    0.000322466252658563    9.83522570617146e-06    0.000379039069082116    1.04522747710792e-05    0.00744374176454184    0.000286178588703264    -0.000586474186115363    0.00786523898934767    1.98958380733535
18.5000000000001    0.000420810718413388    1.26473455983294e-05    0.000491572788695939    1.34207074827431e-05    0.00730205198124348    0.000477720646853507    -0.000877745216875447    0.00784047897141194    1.99967966462009
18.6000000000001    0.000542567566491687    1.63125141398696e-05    0.00062984033096825    1.72739925732515e-05    0.00711867501130583    0.00078958681087938    -0.00130564554634786    0.00780861068001041    2.00997712022761
18.7000000000001    0.000687500981307427    2.10535544698474e-05    0.000793305606941638    2.22346974367572e-05    0.00688324842800151    0.00128303423395301    -0.0019221979041631    0.00776817959794709    2.0208204550947
18.8000000000001    0.000851940483167756    2.71195778032532e-05    0.000977522153179769    2.85469326031589e-05    0.00658493408290429    0.00203590418491335    -0.00278809606124353    0.00771787135332805    2.03218640231754
18.9000000000002    0.00102842387001402    3.47766867405466e-05    0.00117341029073074    3.64634735988815e-05    0.00621386813957351    0.00313591695029638    -0.00396610765988604    0.00765675175106804    2.04351441616296
19.0000000000002    0.00120664611726158    4.42999128488246e-05    0.00136791847727275    4.62328214994573e-05    0.00576324884929417    0.00466564968767873    -0.00550949714686642    0.00758449871898909    2.05453698609637
19.1000000000002    0.00137582700266135    5.59720041680262e-05    0.00154664656821247    5.80937180827467e-05    0.00523179113390875    0.00667974356538855    -0.00744654204761412    0.00750153194480777    2.0652066715032
19.2000000000002    0.00152767586911508    7.00930900043961e-05    0.00169806397953326    7.22846660714158e-05    0.00462597195840163    0.00917967876950324    -0.00976481530509795    0.00740895302753107    2.07586036535889
19.3000000000002    0.00165837584531779    8.70001974127744e-05    0.00181767210157878    8.90713420147992e-05    0.00396130972049043    0.0120957492935041    -0.0124009004474187    0.00730827805289996    2.08633971865973
19.4000000000002    0.00176836960451134    0.000107089886825803    0.00190958910587862    0.000108785955700247    0.00326204376257845    0.0152859493015665    -0.0152407735383505    0.00720105407871049    2.09674611160472
19.5000000000002    0.00186030584433945    0.000130835695559895    0.00198372460573324    0.000131862492839039    0.00255905372609687    0.0185551454003717    -0.0181323937459118    0.00708853401902838    2.10670784625068
19.6000000000003    0.00193691365322441    0.000158796247512282    0.00204971141254129    0.000158848794946754    0.00188648679071907    0.0216874423937843    -0.0209066382727218    0.00697156102000634    2.1161909047676
19.7000000000003    0.00200010044292149    0.000191614032042621    0.00211188629811431    0.000190388266585493    0.00127796327304874    0.0244781500081169    -0.0233994285492431    0.00685067377158648    2.12568508072918
19.8000000000003    0.00205081959255081    0.000230001299355254    0.00216867536143454    0.000227180280044144    0.000763157766379878    0.0267559041122243    -0.025469430488289    0.00672630792369994    2.13498140126946
19.9000000000003    0.00208881927958006    0.000274699924050794    0.0022152489216499    0.00026992646838533    0.000365170135690126    0.028395030957306    -0.0270099327894379    0.00659896289722434    2.14412535496856
20.0000000000003    0.0021123828630763    0.000326394856043347    0.00224595379451338    0.000319248504375512    9.8789829375877e-05    0.0293225336606156    -0.0279560079055189    0.00646929560248111    2.15308428608376
20.1000000000003    0.0021184334807942    0.00038555929130726    0.002254996839028    0.000375546554156791    -3.03237880512726e-05    0.0295216112509831    -0.02828765067793    0.00633817295028809    2.16180475780312
20.2000000000004    0.00210296575022631    0.000452214776469509    0.00223661527815019    0.000438775241874188    -2.55065473136193e-05    0.0290299568724824    -0.0280283098441362    0.00620671152775273    2.17009121379443
20.3000000000004    0.00206186898498638    0.000525607451776937    0.00218619474164131    0.00050814282226835    0.000101967858937932    0.0279307551604936    -0.0272382490842364    0.0060762879358681    2.17819889665153
20.4000000000004    0.00199230939495584    0.000603841485206861    0.00210207251554798    0.000581780172972144    0.000334645772565868    0.0263377149149034    -0.0260038831958044    0.00594848106034771    2.18603607683424
20.5000000000004    0.0018944087692941    0.000683573026213756    0.0019868869780231    0.000656474817392334    0.00065095255293988    0.0243786118841417    -0.0244259766580825    0.00582493136992239    2.19370943049998
20.6000000000004    0.00177252005539901    0.000759928484012398    0.00184791855575655    0.000727609314810787    0.0010271136781202    0.0221818862830073    -0.0226098369283707    0.00570713944273558    2.20107226329484
20.7000000000004    0.00163547888328011    0.000826815956798749    0.00169651083458204    0.00078945059967602    0.00143860579639631    0.0198688659182488    -0.0206594803206521    0.00559624766832995    2.20809064490889
20.8000000000005    0.00149572655131921    0.000877702009805806    0.00154684188179717    0.000835873873111585    0.00186099424293802    0.0175517753362446    -0.0186760635340257    0.00549285036119066    2.21493851610183
20.9000000000005    0.00136759032313527    0.000906750465190752    0.00141425019011796    0.000861466608663457    0.00227020886846134    0.0153360507912072    -0.0167594511195715    0.0053968661272045    2.22150060668342
21.0000000000005    0.00126508166881302    0.000910063210268722    0.00131319469677747    0.000862780623884728    0.00264246688948532    0.0133249229178452    -0.0150110146204875    0.00530749538658701    2.22764818019083
21.1000000000005    0.0011995164615704    0.000886709234652    0.00125491961120452    0.000839354230768654    0.0029541613277557    0.0116242716138895    -0.0135356526052304    0.00522327987461039    2.23319554483506
21.2000000000005    0.00117717285954667    0.000839265087889664    0.00124504355053203    0.000794099686613727    0.00318209816734741    0.0103459101698242    -0.0124413130872287    0.00514227643452492    2.23785765810057
21.3000000000005    0.00119735447859356    0.000773652485107814    0.00128148034176305    0.000732850616832674    0.0033044759119012    0.00960701909652644    -0.0118344858765437    0.00506234705418101    2.24373551073517
21.4000000000005    0.00125158951879004    0.000698192236247101    0.00135334658386545    0.000663261346241245    0.00330291769426484    0.00952239046141757    -0.0118101577477152    0.00498154009311104    2.25773245524814
21.5000000000006    0.00132469119181828    0.000622100006198292    0.00144189994244596    0.000593499781424175    0.00316561863252245    0.0101860904236809    -0.0124354089501125    0.00489849102797752    2.29771529546621
21.6000000000006    0.00139786061971415    0.00055391647811983    0.00152444558656637    0.0005310757505163    0.00289122208882909    0.0116422154976137    -0.0137280122887928    0.00481272373256664    2.38096472565475
21.7000000000006    0.00145326446604025    0.000500276616591767    0.00158082316069464    0.000481937843204294    0.00249247783073295    0.0138507923526145    -0.0156348481677608    0.00472472410211761    2.52293635358481
21.8000000000006    0.00147875215337729    0.000465145664159422    0.00160005225466552    0.000449839458775295    0.00199831880467354    0.0166617563613105    -0.0180181448935516    0.00463571980340998    2.72028733333618
21.9000000000006    0.00147101094349849    0.000449507110975169    0.00158354958662455    0.00043595248641607    0.00145305061753875    0.0198120818758277    -0.0206579256180209    0.00454722700285978    2.96913138396758
22.0000000000006    0.00143606395677386    0.000451472000676032    0.00154295850802755    0.000438786595451302    0.000912044429835166    0.0229538633535932    -0.0232746454275683    0.00446054341678877    3.24326886540577
22.1000000000007    0.00138718187594192    0.000466769801754525    0.0014944567902145    0.00045451204905861    0.000434410479268323    0.0257077003242084    -0.0255686545988259    0.0043763767216203    3.51040795937413
22.2000000000007    0.00134082850085365    0.000489576964101262    0.00145316355396197    0.000477695624945287    7.4055441300346e-05    0.027727259008093    -0.0272678781151162    0.00429470097813935    3.74148644892966
22.3000000000007    0.00131129455317882    0.000513635737161342    0.0014292108141447    0.000502361738481307    -0.000129039290698246    0.0287614094889649    -0.0281740275989961    0.00421484544223674    3.91892747687948
22.4000000000007    0.00130530998069533    0.000533547423624752    0.00142504310723558    0.000523254898433413    -0.000155458216151443    0.028702036230251    -0.0281979440413931    0.0041357893826955    4.03575175448217
22.5000000000007    0.00131887365627957    0.000545975185978241    0.00143416317514627    0.000537049198508155    -9.34750560196758e-06    0.02760493508311    -0.0273750476403365    0.00405660115308376    4.09693392111108
22.6000000000007    0.0013383700273612    0.000550364484323012    0.00144298459105815    0.000543062354472894    0.000283060061389639    0.0256740124095597    -0.0258549725632269    0.0039768813649377    4.09841133558343
22.7000000000007    0.00134618235741409    0.000548849191408681    0.00143644262390089    0.000543130329593959    0.000679002654669237    0.023210489394432    -0.0238670866277203    0.00389700992369859    4.0519685970983
22.8000000000008    0.00132850424681354    0.000545287769641598    0.00140467957577502    0.000540703018206447    0.00112715904177442    0.0205444791249533    -0.0216727548051673    0.00381805797199699    3.96028026588579
22.9000000000008    0.00128163261395788    0.000543777108369626    0.00134709994808506    0.000539489795839176    0.00157571015760675    0.0179731786531121    -0.019519495004932    0.00374139327203857    3.82721361767195
23.0000000000008    0.00121337672475295    0.00054730445239116    0.00127249861343    0.000542163169531133    0.00197850947855328    0.015723306790279    -0.0176089980297487    0.00366816119918885    3.65437401641196
23.1000000000008    0.00113942280809196    0.000557012587650631    0.00119627655963953    0.000549689806145486    0.00229843035616422    0.0139423668708513    -0.0160843430069848    0.00359885598155834    3.45055139282375
23.2000000000008    0.00107732110052619    0.000572108144860112    0.00113593220220293    0.000561411033977755    0.00250810731267282    0.0127136971183469    -0.0150354544309641    0.00353312248162256    3.2321136326175
23.3000000000008    0.00104124369570496    0.0005902314921312    0.00110569394245813    0.000575470537021448    0.00258909793735999    0.0120851115681262    -0.0145170235017853    0.0034698256710166    3.02051818987351
23.4000000000009    0.00103836971293023    0.000608081811187944    0.00111212343349611    0.000589269208354353    0.00253081652215783    0.012097702419425    -0.0145690171765582    0.00340734593099327    2.83461071365295
23.5000000000009    0.00106697799545929    0.000622222168539408    0.00115217969518701    0.00059989362024489    0.00233043375020976    0.0127993699233818    -0.0152270682555901    0.0033440088974321    2.68749815438166
23.6000000000009    0.00111713760929518    0.000629994337305029    0.00121316212988345    0.000604858489002764    0.00199434253550177    0.014231910332423    -0.0165128670324609    0.00327853840095032    2.57689334759628
23.7000000000009    0.00117379538479552    0.000630322957585919    0.00127561480909057    0.000603158643236739    0.00154091041741297    0.0163914137101603    -0.018404802921677    0.00321041300060507    2.49444377941602
23.8000000000009    0.00122078774724186    0.000624220715158626    0.00132092207998247    0.000595736557897136    0.00100324465594725    0.0191756537808676    -0.0208005799570681    0.00313998558002676    2.43929898670994
23.9000000000009    0.00124575506722665    0.000614608375932109    0.00133886838419112    0.000585378184158325    0.000429958620872876    0.0223455279911378    -0.023491802421765    0.0030682942017539    2.41920193973489
24.000000000001    0.00124448735129607    0.000605300591020741    0.00133033097308816    0.00057601984699461    -0.000117914027945811    0.0255289311820792    -0.0261705187813861    0.00299663713514687    2.44874891867553
24.100000000001    0.0012222656961887    0.000599536299825896    0.00130550157036413    0.000571124044959828    -0.000574463447941918    0.0282777596392888    -0.0284756282778497    0.00292609552483582    2.53988146942584
24.200000000001    0.00119143764731749    0.000598582310260713    0.00127902329556882    0.000571858959735297    -0.000879792562634532    0.030163335731156    -0.0300672703503275    0.00285717503107631    2.69491532848175
24.300000000001    0.00116541372863507    0.000601157685224777    0.00126195640524572    0.000576646234568874    -0.00099165502002372    0.0308803073937058    -0.0307040944531309    0.00278973197422563    2.90205355966237
24.400000000001    0.00115145832606936    0.000603924367005396    0.00125536956305968    0.000581981660887144    -0.000894416344688689    0.0303242915290201    -0.0302993612942268    0.00272324780712615    3.13194352007923
24.500000000001    0.00114601336820975    0.000602670760511646    0.00125004987275328    0.000583723520671571    -0.000602397953143693    0.0286154572601169    -0.0289382032438323    0.00265731358528715    3.3455909076491
24.600000000001    0.00113553523688002    0.000593919505202634    0.00123142133143001    0.000578331920489474    -0.000156469942904248    0.0260592625333061    -0.0268499174936082    0.00259208309079571    3.52962765561918
24.7000000000011    0.00110446602505606    0.000576120870242825    0.00118728588741607    0.000563727817001515    0.000384919043621468    0.023058695574484    -0.0243467720281697    0.00252844318965224    3.67080508871856
24.8000000000011    0.00104580418179233    0.000549736209775897    0.00111528771584859    0.000539920575101057    0.000957084212290125    0.0200123621322256    -0.0217524419300839    0.0024677530969497    3.7588796828758
24.9000000000011    0.000966612692173061    0.000516943787884821    0.00102608500791704    0.000508976485725938    0.00149899401051076    0.0172395892286705    -0.0193459468632296    0.00241125434965254    3.78991806775143
25.0000000000011    0.000885193446013794    0.000481115975399992    0.000939896116570098    0.000474362837028627    0.00195915953736246    0.0149573310470796    -0.0173375947527529    0.00235946420670162    3.75955475535986
25.1000000000011    0.000822464845185555    0.000446119106771341    0.00087844405331967    0.000440103506530778    0.00229738364208343    0.0133015205334933    -0.015874165369826    0.00231187031755811    3.66748931184683
25.2000000000011    0.000793882488437798    0.000415492298220945    0.0008564855450742    0.000409984843782058    0.00248420073615014    0.0123645588177568    -0.0150575655443013    0.00226703918512056    3.53626694940589
25.3000000000012    0.000804343318918015    0.000391892987310833    0.000876500867959248    0.000386877831100361    0.00250035205170025    0.0122230351592791    -0.0149599523811385    0.00222304983512933    3.38786211167918
25.4000000000012    0.00084694031582177    0.000376930812443004    0.000927694953828095    0.000372360386204559    0.00233795827075273    0.0129401615269917    -0.0156239687632464    0.00217807750279545    3.2419044824554
25.5000000000012    0.000905318606219529    0.000371254977645887    0.000989876649872234    0.000366782159799137    0.00200373559578224    0.0145384491997462    -0.0170444882910287    0.00213092889803653    3.11574815391843
25.6000000000012    0.000959670511349024    0.000374781810109512    0.0010417904406733    0.000369651391153377    0.00152306575023654    0.0169504462532296    -0.0191380733659125    0.00208133279083885    3.00864558890919
25.7000000000012    0.000994967517718129    0.000387051428233216    0.00107031616211551    0.000380226509612056    0.000942396373675672    0.0199716019374945    -0.0217167167819374    0.00202984314691174    2.91628265323702
25.8000000000012    0.0010065198431841    0.000407633991605094    0.00107528446979072    0.0003980066429717    0.000327147207889904    0.0232494275288    -0.0244866162066905    0.001977403477551    2.83006396493644
25.9000000000012    0.000999991156530051    0.000436135731645516    0.00106674172121413    0.000422765331886792    -0.000246258006494861    0.0263294183800235    -0.0270839704776782    0.00192482383712689    2.74911567952711
26.0000000000013    0.000987016295714993    0.000471647952649453    0.00105690448542615    0.000454002585208829    -0.000703032465523712    0.0287476410843826    -0.0291417299408292    0.0018724499970291    2.67425489863182
26.1000000000013    0.000978830224648668    0.000511965027593604    0.00105294209512409    0.00049001402131893    -0.000983976124148839    0.0301369310601499    -0.0303665548855456    0.00182015141914074    2.60796314531351
26.2000000000013    0.000980337678553976    0.000552956051617675    0.00105448428980343    0.000527171895872436    -0.00105673833272409    0.0303114241902532    -0.0306020630595119    0.0017675727138647    2.55362800543885
26.3000000000013    0.000987291983588798    0.000588744121794423    0.00105533972662945    0.000559973434597157    -0.000921292114317898    0.0293036088862163    -0.0298591710872312    0.00171449495127706    2.51418843316516
26.4000000000013    0.000988559702791769    0.00061281959899931    0.00104684773741773    0.000582113889948211    -0.000608373664160272    0.0273439392094334    -0.0283047709579668    0.00166113551646327    2.48784864774993
26.5000000000013    0.000973406780440805    0.000619868181059286    0.00102181138705756    0.000588442644908831    -0.000171810345578757    0.024790836367817    -0.0262143218711548    0.00160823314454993    2.4718703773015
26.6000000000014    0.000938683273593478    0.000607762204151232    0.000978589766063797    0.000577045335756322    0.000322455184292915    0.02203992433074    -0.0239076186336019    0.00155684146099576    2.46304036448033
26.7000000000014    0.000890862444526733    0.000578682273066928    0.000923778455119538    0.000550117749677689    0.000807181882263272    0.0194494633487595    -0.0216921672837233    0.00150791886969039    2.45646100755324
26.8000000000014    0.000842869717263465    0.000538635132259819    0.000871047611474651    0.000513177288001557    0.00122198377437397    0.0173029816531231    -0.0198287794717182    0.0014619157047784    2.45286735831263
26.9000000000014    0.000808350527192158    0.000495321578570599    0.000835279389085366    0.000473108587397156    0.00151816990864773    0.0158081722012683    -0.0185198422236401    0.00141855996852121    2.45419966847816
27.0000000000014    0.000795093534701041    0.000455573784518287    0.000824619536892941    0.000436141670272413    0.00166138459833954    0.0151129462276487    -0.0179087828944668    0.00137697645790611    2.46551729435385
27.1000000000014    0.000801304542711744    0.000423796763014239    0.00083615675683462    0.000406409363350432    0.00163394690039391    0.0153104938398902    -0.0180760194781875    0.00133608868800767    2.4924522599172
27.2000000000015    0.000816736280160059    0.000401757164086425    0.00085751822818744    0.000385671785736741    0.00143791491355516    0.0164183359299715    -0.0190228450957633    0.00129508920593396    2.53749575204562
27.3000000000015    0.00082856992124576    0.000389224080639418    0.000873743285737438    0.000373925633176356    0.00109806367656116    0.0183380619419087    -0.0206478551161113    0.00125373342315753    2.59219940092839
27.4000000000015    0.000829165398672575    0.0003848807142452    0.000876207320589626    0.000370094274371188    0.000662321454907428    0.0208226035263453    -0.0227329869374937    0.0012122857516376    2.64720209088851
27.5000000000015    0.000819853419839576    0.000387094612389419    0.000867385188974121    0.000372775367765032    0.000196950147861694    0.0234863350805818    -0.0249592270274503    0.00117116678996131    2.69299003080882
27.6000000000015    0.000807992200043246    0.000394562561814506    0.00085776354940155    0.000380768014863121    -0.000224306224893766    0.0258744363812963    -0.0269606494072025    0.00113056707532247    2.72400698881489
27.7000000000015    0.000801158787937612    0.000406450490944895    0.00085670578743575    0.000393186416932504    -0.000534730113996999    0.0275714664567098    -0.0284039366974468    0.00109030112851676    2.74313641241917
27.8000000000015    0.000802633542212492    0.000421928776028675    0.000865832900859209    0.000409067144915867    -0.000688287694318444    0.0283035590808578    -0.0290647781588368    0.00104995559171882    2.75566668120979
27.9000000000016    0.000809518256116083    0.000439668300287268    0.000879063594249081    0.00042686921712804    -0.000668273169378618    0.0279962775198872    -0.0288739477400785    0.00100917597821051    2.7639647575759
28.0000000000016    0.000813837722522963    0.000457612762151172    0.000885801976578812    0.000444487574275119    -0.000488855786342194    0.0267750488939462    -0.0279200053347003    0.000967927808431721    2.76419526966256
28.1000000000016    0.000806180785519533    0.000473231785297755    0.000876235728136029    0.000459512892499924    -0.00018977111123141    0.0249142993558227    -0.0264130708947427    0.000926618541301813    2.75424640110557
28.2000000000016    0.00078152348234975    0.000484114679438427    0.000846776529577409    0.000469764749717646    0.000173547986518521    0.0227575596457278    -0.0246272939395527    0.00088599313377687    2.73299298320956
28.3000000000016    0.00074328268707456    0.000488690257856341    0.000802967955168901    0.000474035860488987    0.000540923248154946    0.0206423183601394    -0.0228453956059845    0.000846822762898602    2.70399165332339
28.4000000000016    0.000702826652983409    0.000486841191114733    0.000758291311107962    0.000472366816483679    0.000856440191653089    0.0188539364294462    -0.0213211729987573    0.000809529594031792    2.67263690422602
28.5000000000017    0.000673907395550042    0.000479683467743858    0.000728744168085864    0.000465642610667935    0.00107422307605507    0.017613646900289    -0.0202619079888273    0.000773939629564475    2.64081303346036
28.6000000000017    0.000665050287848076    0.000469007799498561    0.000723493162214887    0.000455187352907604    0.00116178941617643    0.0170846731699488    -0.0198198489376471    0.000739352250947317    2.61204652304377
28.7000000000017    0.000675424478299714    0.000456624096954614    0.000739015060755322    0.000442813846659979    0.00110300454619217    0.0173670227348821    -0.0200790012405336    0.000704903523210284    2.59088803904093
28.8000000000017    0.000695542903389753    0.000444225117622719    0.000761586363386042    0.000430544842907022    0.000901672972522325    0.0184694224749448    -0.0210329934672928    0.000670001207479891    2.57722535801751
28.9000000000017    0.000711973096982254    0.000433568409031616    0.000775902750739633    0.000420166835281326    0.000584630488201459    0.0202710044279985    -0.0225626615257824    0.000634584482452384    2.57836307899404
29.0000000000017    0.000715585889437289    0.000426085424022033    0.000774153288166872    0.000412970348158763    0.000201588679268571    0.0224984351678086    -0.0244297577045842    0.000599061092277892    2.60101913462235
29.1000000000017    0.000707132750518346    0.000422084833170016    0.000760214560884403    0.000409379372287772    -0.00018106945311472    0.0247505868266928    -0.0263043782836225    0.000563950606816084    2.65746978998886
29.2000000000018    0.000694536642391394    0.000420697319735809    0.000745151195868274    0.000408521391868539    -0.000493023898000488    0.0265855222987572    -0.0278318884688634    0.000529516481757239    2.73512181935646
29.3000000000018    0.000686011124523418    0.000420385371106644    0.000737307348677574    0.0004088625938283    -0.000675942202140099    0.0276388800538467    -0.0287198462265614    0.000495658063281182    2.81846726618123
29.4000000000018    0.000684619834467853    0.000419871313355912    0.000737495237586329    0.000408880930747795    -0.000697060019039214    0.027718216930335    -0.0288099365870444    0.000462087640409326    2.88337831307307
29.5000000000018    0.000687646670732227    0.000418308718712709    0.000740188008111545    0.000407602381538721    -0.000556117679388132    0.0268417251135435    -0.0281107771230151    0.000428576090235465    2.92218820019737
29.6000000000018    0.000687990532563505    0.000415443982483438    0.000736737056016184    0.000404988771066154    -0.000284201441030578    0.0252194946181226    -0.0267853052889846    0.000395148230236682    2.93151966157228
29.7000000000018    0.000678074118161842    0.000411720978970919    0.000721154223524241    0.000401569933263915    6.45249838359636e-05    0.0231876435613851    -0.025102555031323    0.000362132767819035    2.9123940968469
29.8000000000019    0.00065603599583488    0.000408007121138887    0.000693896670424058    0.000398107189426745    0.000425068583085097    0.0211213576202751    -0.0233724649622365    0.000330008217948225    2.87075919199953
29.9000000000019    0.000628424455827471    0.000405261617407876    0.00066242418201356    0.00039541271871054    0.000733889402654062    0.0193612578833258    -0.0218875558897769    0.000299114370162355    2.81607215781011
30.0000000000019    0.000605788344598297    0.000404321727417867    0.000638291900496938    0.000394168247076486    0.000938403623058983    0.0181740393712833    -0.0208856042674068    0.000269408946525065    2.76212481163857
30.1000000000019    0.000595983840829847    0.000405685376025477    0.000630448286551404    0.000394750944121743    0.00100319652500216    0.0177402726364325    -0.0205298946665923    0.000240442942370848    2.71435251143922
30.2000000000019    0.000600050056110278    0.000409193001059243    0.00063879085665259    0.000397157619503217    0.00091410635033572    0.0181478172247779    -0.0208955303746914    0.000211584733747612    2.6753327923381
30.3000000000019    0.00061183736484676    0.000414054425929053    0.000654247543925583    0.00040099550342086    0.000681232915147456    0.0193720840407568    -0.0219520929945289    0.000182358799497562    2.64461650199152
30.400000000002    0.000622235128865356    0.000419199952001587    0.000665586741786959    0.000405509320005074    0.000340235751447002    0.0212473906167845    -0.0235474915913252    0.000152665919565247    2.61997967867973
30.500000000002    0.000624833074478039    0.000423658407068462    0.000667017484817164    0.000409784387896605    -5.04247860816791e-05    0.0234575437722526    -0.0254096613824372    0.000122750957994026    2.60082776170496
30.600000000002    0.000619896675770276    0.000426384514918353    0.000661398602630984    0.00041282164590218    -0.000418409825621323    0.0255750394063727    -0.0271841715822053    9.29594377679088e-05    2.59126435779465
30.700000000002    0.000613114558784208    0.000426231508359864    0.000656112527185338    0.000413594859443378    -0.000692274753945906    0.0271588081596486    -0.0285121105964457    6.34762630297922e-05    2.59472865732006
30.800000000002    0.000609855224013905    0.000422458449363287    0.000655753362632013    0.000411243005072605    -0.000818232544788084    0.0278767307398952    -0.0291235475529574    3.42606832315767e-05    2.61352760100123
30.900000000002    0.000610648467047505    0.000415028191922603    0.000658619988548914    0.000405264804657083    -0.000773128391243859    0.0275960437395123    -0.0289072864450788    5.19035536575285e-06    2.6439320650947
31.000000000002    0.00061078854495979    0.000404469592424641    0.000658577755049038    0.00039592391224782    -0.000569322573104198    0.0264071879273326    -0.0279313639443801    -2.3738785470389e-05    2.67244595115617
31.1000000000021    0.000603495693148279    0.000391822331713522    0.000649765862893432    0.000384306783797675    -0.000250562728343868    0.0245834145257142    -0.0264145478431158    -5.23053741925995e-05    2.69200313186535
31.2000000000021    0.000585721462977387    0.000378604691994063    0.000630404395317215    0.000371916200827443    0.000118930205695069    0.0225009842433398    -0.0246666915555378    -8.01303553868149e-05    2.69895623710534
31.3000000000021    0.000561277605010967    0.000366596538617319    0.000604052739553993    0.000360551888740425    0.000468234574378438    0.0205536708748455    -0.0230212624899173    -0.000106878268770622    2.693911047118
31.4000000000021    0.000538542105169175    0.000357464067869934    0.000579415896651278    0.000351911959980054    0.000732722961938985    0.0190836321977239    -0.0217761623994949    -0.000132473210161591    2.68247750563678
31.5000000000021    0.000525497560217551    0.00035240628273583    0.000565910174770646    0.000347092105796534    0.000864114865581334    0.0183393587624614    -0.0211515771102997    -0.000157197358736386    2.66685763256313
31.6000000000021    0.000524895214496681    0.000351886016499376    0.000567046041548715    0.00034640318720793    0.000837292184107898    0.0184543595693055    -0.0212634541155257    -0.000181571902359637    2.65238821865132
31.7000000000022    0.000532994229647022    0.000355516296750158    0.00057793107648954    0.000349410868679858    0.000654546950408739    0.0194295512442772    -0.0221060436715341    -0.000206093005281571    2.6395161525091
31.8000000000022    0.00054204921255494    0.000362358617326846    0.000588221078499708    0.000355295983596365    0.000347109980875882    0.021115744142727    -0.0235417598367463    -0.000230980821165541    2.62964881603508
31.9000000000022    0.000545749158963749    0.000371149164705904    0.000590811483235976    0.000363051190622052    -2.75783425818634e-05    0.023206390349145    -0.0253057027945702    -0.000256129790479367    2.62284182171824
32.0000000000022    0.000543105875400431    0.000380282073933124    0.000586928998908733    0.000371428786800301    -0.000395089821720174    0.0252743786520669    -0.0270423329876965    -0.000281298422307195    2.61873818382263
32.1000000000022    0.000537784720154006    0.000388099427888876    0.000582196340725731    0.000379054431230122    -0.000679686739464585    0.0268679572458226    -0.0283817322265521    -0.000306326800195367    2.62230974416943
32.2000000000022    0.000534974849000761    0.000393087482931343    0.000580187895373746    0.000384427473002572    -0.000822464693443069    0.0276337043978144    -0.0290351307441481    -0.000331213339468367    2.63103976083949
32.3000000000021    0.000536661778031755    0.00039401788976878    0.000580485992564469    0.000386089551793102    -0.000796074758704593    0.0274161548832886    -0.0288733772874717    -0.000356041950729653    2.6423954067491
32.4000000000021    0.00053896269145726    0.000390284022518185    0.000579125591856474    0.000383200255689925    -0.000611169165072458    0.0262971292464179    -0.0279583582765698    -0.000380825633702491    2.65330127961278
32.5000000000021    0.000535241323474223    0.000382276776155213    0.000571161379065281    0.000375998090804205    -0.000312604344667729    0.0245599162104656    -0.0265173766545287    -0.000405387219231917    2.65981151155353
32.6000000000021    0.000521989861151935    0.000371386133049531    0.000554727264713115    0.000365833621145615    3.2675202654206e-05    0.0226001536110715    -0.0248761602179484    -0.000429394524162557    2.65777168460385
32.7000000000021    0.000502585549306772    0.000359516384049523    0.000533596441534672    0.000354661416194009    0.000351411828579455    0.0208256436344982    -0.0233799675303044    -0.000452552276141747    2.64794794475624
32.800000000002    0.000484935808748781    0.000348565753831329    0.00051558606848087    0.000344266793685392    0.000578779345027458    0.0195792622977814    -0.0223262017430961    -0.00047480567554084    2.63236890828712
32.900000000002    0.000475985883360634    0.000339973061766491    0.000507693779788982    0.000335934975267993    0.000669588108550043    0.0190920471077142    -0.0219176231408023    -0.000496400224354047    2.61675753931119
33.000000000002    0.000477094111174768    0.000334538380789797    0.000510555836717319    0.000330471054262925    0.000605556800988511    0.0194587574274751    -0.0222347190786419    -0.000517745467233391    2.6055431913643
33.100000000002    0.00048327258138328    0.000332556205978672    0.00051735913443406    0.000328232261416567    0.000399069512417083    0.0206215901161868    -0.023221238113785    -0.000539158301968507    2.59831348124743
33.200000000002    0.000487432357409634    0.00033376338930689    0.000520664489889906    0.000329128563130355    9.28748411846788e-05    0.0223556836339627    -0.0246802459114084    -0.000560698636524169    2.59794284874132
33.3000000000019    0.000486305288705256    0.000337374109500046    0.000519171492107176    0.000332501342763071    -0.000246517821392355    0.024285297733094    -0.0262963771718551    -0.00058224502707795    2.60567820151168
33.4000000000019    0.000481737190623695    0.000342311280732251    0.000516764220504724    0.000337227631538186    -0.000542987291964971    0.0259622143441332    -0.027700950200823    -0.000603682825255896    2.62272021473533
33.5000000000019    0.000478012742904959    0.000347302533686159    0.000517229112192142    0.000342036471400459    -0.000729630959021182    0.0269872275801339    -0.0285671954842254    -0.000625018002928905    2.64423398099701
33.6000000000019    0.000477604344899699    0.000351120851297844    0.000519826845639958    0.000345983551061909    -0.000766262050845513    0.0271278691810887    -0.0287024794377744    -0.000646336714631802    2.66406634278111
33.7000000000019    0.000478525404326611    0.000353039264905815    0.000520160981822139    0.000348223492331901    -0.000649461433972674    0.0263818965629699    -0.0281000542818156    -0.000667670009431926    2.67920016679243
33.8000000000018    0.000475683905954225    0.000352663468927091    0.000513922117589034    0.000348278845378473    -0.000412120340424951    0.024963350276138    -0.0269306760428264    -0.000688897769264549    2.68720935297032
33.9000000000018    0.000465000029960809    0.00035005629932293    0.000500277210300175    0.000346063781700531    -0.000113527034836654    0.023229182087026    -0.0254868117687934    -0.000709759395319576    2.68374539038815
34.0000000000018    0.000448884310048512    0.000345667385424125    0.000483381858001758    0.000341951757102446    0.000175940939249443    0.0215794773980922    -0.0241053153578622    -0.000730011709943742    2.66942199850682
34.1000000000018    0.000434500741752725    0.000340140195478401    0.000470085986307015    0.000336514408963417    0.000390475668202559    0.020372652498366    -0.0230939805245658    -0.000749611025495672    2.64747992702397
34.2000000000018    0.000427756819160473    0.000334286348373274    0.000464760315617863    0.000330619061037756    0.000481857818584198    0.0198663487433552    -0.0226743722528552    -0.000768743146726387    2.62462478194531
34.3000000000017    0.000428861340561339    0.000328908809792527    0.000466924562316115    0.000325185154215725    0.000428949148011663    0.0201749390109677    -0.0229414596915158    -0.00078769166565076    2.60408820572245
34.4000000000017    0.000433326871190824    0.000324584097959991    0.000471495210587878    0.000320940032803499    0.000242883098555368    0.0212418779122072    -0.0238417616637974    -0.000806654440492566    2.58784610769111
34.5000000000017    0.000436075716669947    0.00032162346213131    0.000473020844973943    0.000318252975663786    -3.35524197029657e-05    0.0228321303651246    -0.0251732002267335    -0.000825649281872967    2.58337383992984
34.6000000000017    0.000434275595444255    0.000320094806997048    0.000470638166758018    0.000317078706858075    -0.000334078241786057    0.0245656817695222    -0.0266182586202954    -0.000844567816501846    2.59120373871768
34.7000000000017    0.000429608899620894    0.000319659527430286    0.000467515167235999    0.000316960798813436    -0.00058457592873821    0.0260040045964625    -0.0278164848352363    -0.000863311774411422    2.60842657378757
34.8000000000016    0.000426987743552208    0.000319606898403384    0.000466979022131913    0.000317342758457408    -0.000722883872514868    0.0267738235723532    -0.0284637571578361    -0.000881901035452836    2.6307160505065
34.9000000000016    0.000428457060914003    0.000319332736806884    0.000468694759463564    0.000317719423068913    -0.00071653289377085    0.0266871642228474    -0.0284052810020436    -0.00090044569271366    2.65411142222849
35.0000000000016    0.000430465803135902    0.000318690149013633    0.000467873572828478    0.000317719820534382    -0.00057158348086332    0.0257979422981164    -0.0276800956716638    -0.000918987508898329    2.67131800799994
35.1000000000016    0.000427113428328853    0.00031776240714704    0.000460442735926184    0.000317190209019493    -0.000329360394902807    0.0243673766224904    -0.0264979250218875    -0.000937400013878334    2.67834367827723
35.2000000000016    0.000416237238524683    0.000316520534128945    0.000446821078721585    0.000316103006353377    -5.3596702259067e-05    0.0227717565966165    -0.025169292242711    -0.000955450490624999    2.67458417691019
35.3000000000015    0.000402364410947818    0.00031504361585211    0.00043190642662301    0.000314511020913965    0.000186485224763681    0.0213988699242766    -0.0240221562436784    -0.000972975620301193    2.6625643912742
35.4000000000015    0.000392212090599497    0.000313566752121635    0.000422221298122616    0.000312529982490984    0.00033208340887799    0.0205676536144655    -0.0233302874312747    -0.000990020284596452    2.64468747253124
35.5000000000015    0.000389202751567778    0.000312093108827093    0.00042024700391649    0.000310391305783184    0.00034724228564794    0.020474566840564    -0.0232605385597767    -0.0010067952634703    2.6250337238055
35.6000000000015    0.00039208324618426    0.000310458114754252    0.000423200192552108    0.000308307839769936    0.000227018924627097    0.0211518006318514    -0.0238363942404492    -0.0010235252907102    2.60474381745579
35.7000000000015    0.000395921077169733    0.000308729397369774    0.000426052150247654    0.000306384270745402    -5.63948953204476e-08    0.0224470889555495    -0.0249244267150532    -0.00104030725886646    2.58860865669455
35.8000000000014    0.000396714087364694    0.000307017991602972    0.00042573342777921    0.000304665669197201    -0.000277010234482328    0.0240396617895593    -0.0262538704364933    -0.00105708770547222    2.581930651582
35.9000000000014    0.000394289942058588    0.000305358338482019    0.000423453841514935    0.000303205421144559    -0.000531811569560266    0.0255083519466121    -0.0274766121329899    -0.00107376421273801    2.58552677277249
36.0000000000014    0.000391139379685041    0.000303682529538301    0.000422302415554589    0.000301858952097818    -0.000696960302503972    0.0264506662630947    -0.0282629878451383    -0.00109029860767186    2.60077882412167
36.1000000000014    0.000389950517021535    0.000301763958184827    0.000423274967759924    0.000300315850028532    -0.000729279894495684    0.0266103946580493    -0.0284031507906836    -0.00110673073413518    2.62197080197831
36.2000000000014    0.000390480458376874    0.000299376723012089    0.000424124760874347    0.000298382280888933    -0.000622832553142609    0.0259608879005374    -0.0278735355557773    -0.00112311598523026    2.6414955280613
36.3000000000013    0.00038850939396416    0.000296587189177383    0.000420462898849086    0.000296073320512974    -0.000410098401647489    0.0247088532399424    -0.0268397939436228    -0.00113940630282421    2.65228499423956
36.4000000000013    0.000380902098684669    0.00029361979558248    0.000410495436317428    0.000293596492125775    -0.00015114679939596    0.0232130837189451    -0.0255959862368928    -0.00115543549463324    2.65116267547211
36.5000000000013    0.000369122472731806    0.000290792492928987    0.0003980562739054    0.000291222178449391    8.40481943310204e-05    0.0218706536860589    -0.0244749377657367    -0.00117104246733114    2.6421799824593
36.6000000000013    0.000358759046073671    0.00028851603192464    0.000389363030643194    0.000289175299156555    0.0002336815098764    0.0210193940814501    -0.0237651125893202    -0.00118622359019557    2.6293804655042
36.7000000000013    0.000354330941338663    0.000287103893810103    0.00038714311820029    0.000287652034520092    0.000258511657994812    0.0208725117514527    -0.0236483938221211    -0.0012011404248045    2.61383670860791
36.8000000000012    0.000355654626070184    0.000286483747727036    0.000388924637781754    0.000286817091319863    0.000151157824546849    0.0214746503614428    -0.024159678220233    -0.00121598993134446    2.60008011198837
36.9000000000012    0.000358483664004601    0.000286418952525746    0.000390704201000466    0.000286599329159329    -6.09885586544198e-05    0.022679004268675    -0.0251710920538403    -0.00123087019712958    2.59197509083779
37.0000000000012    0.000358762763744027    0.000286708550617292    0.000390245251354656    0.000286807322887479    -0.000321167358333817    0.0241664300340882    -0.0264135376403672    -0.00124575107600944    2.58875270560693
37.1000000000012    0.000356360757824289    0.000287024027806423    0.000388585919979745    0.000287136598722835    -0.000557594367857535    0.02551968154116    -0.0275417513090298    -0.00126055683139405    2.59472630242778
37.2000000000012    0.000354122169962778    0.0002870155545769    0.00038811733362009    0.000287150296112115    -0.000704119671852859    0.0263464408152098    -0.0282339923925304    -0.00127526589490162    2.61110864939864
37.3000000000011    0.000354156541299319    0.000286340569312778    0.000388679843424458    0.00028653704820664    -0.00072069029369663    0.0264121522984292    -0.0282970950994867    -0.001289919092511    2.63050663544284
37.4000000000011    0.000354583617649939    0.000284684169625747    0.000387842112726542    0.000285060921700635    -0.000605661749076306    0.0257183562504971    -0.02772939404196    -0.00130452871883636    2.64655129871969
37.5000000000011    0.000352288243786736    0.000281918460435819    0.000383250413647998    0.000282489188796689    -0.000395385017290518    0.0244893686776686    -0.0267129560278772    -0.00131902606083194    2.65454383541831
37.6000000000011    0.000345598443809082    0.000278217542541685    0.000374126690287211    0.000279004570049753    -0.00015220782549888    0.0230918426206866    -0.0255498539731191    -0.00133327193124366    2.65006343067193
37.7000000000011    0.000336741260928789    0.000274124709101274    0.000363475457814488    0.000275215497477261    5.43156281357329e-05    0.021918726565718    -0.0245697531601222    -0.00134715404094671    2.63566916306283
37.800000000001    0.00032996406022945    0.000270380210479046    0.000356656784538958    0.000271763789947581    0.000166466664389141    0.0212856871979792    -0.0240416139874292    -0.00136069527986583    2.61735103041383
37.900000000001    0.000328134244530213    0.000267594045690543    0.000355581885527929    0.000269128914738637    0.000152943890006078    0.0213627286465912    -0.024110157053796    -0.00137404542671143    2.59920252266404
38.000000000001    0.000329848429579784    0.000266114128330171    0.000357362519208042    0.000267611374764679    1.69991491365415e-05    0.0221348348814052    -0.0247601277155072    -0.00138735723308272    2.58533094118842
38.100000000001    0.000331152181346675    0.000265951929070233    0.000358068897229539    0.000267321459971027    -0.000203272590570341    0.0233923077234254    -0.0258122069750469    -0.0014006773745744    2.578881319946
38.200000000001    0.000330249459640803    0.000266787905936189    0.000356653998977372    0.000268163251087506    -0.000444122946033869    0.0247705288014339    -0.0269622237814966    -0.00141396331045477    2.58418173085959
38.3000000000009    0.000328244784485768    0.000268047421402995    0.000354884616359173    0.00026962416053327    -0.000634452168150145    0.0258533911157311    -0.0278669160866977    -0.00142717615633548    2.59887758863674
38.4000000000009    0.000326676860985539    0.000269127805946972    0.000354582821045535    0.000270924413219816    -0.000718118985753759    0.0263108905920742    -0.028254405378402    -0.00144032187088371    2.62165830293778
38.5000000000009    0.000326216871957758    0.000269349196376611    0.000354937052868342    0.000271326762104414    -0.000672142575871902    0.0260131488803045    -0.0280162663924282    -0.00145343020468846    2.64449237644703
38.6000000000009    0.000324843296394448    0.000268209998479364    0.000353066941279733    0.000270320431970593    -0.000513834261613822    0.0250739641683791    -0.027243052844661    -0.00146648226977159    2.65794253390604
38.7000000000009    0.00032034066820625    0.000265638234074469    0.000346746565789433    0.000267857680194642    -0.000294175837595122    0.0237998648300949    -0.0261856464212687    -0.00147937428050409    2.65809617471636
38.8000000000008    0.000313166614148732    0.000261976873386644    0.000338210719250846    0.000264258492916333    -8.08917395418803e-05    0.0225793888097456    -0.025168102596954    -0.00149199282704775    2.64697459563238
38.9000000000008    0.000306053206247954    0.000258046534652951    0.000331966431224803    0.000260174421924485    6.18833258799433e-05    0.0217698601152588    -0.0244922982798411    -0.00150431424465218    2.62807935000581
39.0000000000008    0.000302210631417401    0.000254604060618463    0.000329951838576052    0.000256524013385289    9.16272916958185e-05    0.0216056887150862    -0.0243570282640522    -0.00151642171327297    2.60606189838356
39.1000000000008    0.000302449133245425    0.000252224785053913    0.000330704387319901    0.000253875883636515    -6.51503077891742e-07    0.0221360808496758    -0.024803123930545    -0.00152844039469142    2.58619725187642
39.2000000000008    0.000304096013469159    0.000251026206344034    0.000331596790386923    0.000252437380446193    -0.000187311699797223    0.0232060454026334    -0.0256983355779114    -0.00154044548442891    2.5751350835689
39.3000000000008    0.000303819080226563    0.000250855372298251    0.000331401018044159    0.000252205901626429    -0.000411253148307274    0.0244906572377491    -0.0267701174939013    -0.0015524320322641    2.57489284631922
39.4000000000007    0.000301339351292191    0.000251464814066835    0.000330853198408166    0.000252945859472314    -0.000602737898041786    0.0255848625738272    -0.0276830878543585    -0.00156435995533359    2.58842307157255
39.5000000000007    0.000299753308739737    0.000252296548292755    0.000330456551090157    0.000254206983712714    -0.000701865343213039    0.0261363732324699    -0.0281474500588339    -0.0015762287777417    2.61219808072002
39.6000000000007    0.000299530510039658    0.000252744173323389    0.000329334298270819    0.000255285182839857    -0.00067892041381545    0.0259758232465453    -0.0280218510716197    -0.00158805407441613    2.63842410881296
39.7000000000007    0.00029865568506293    0.000252297798111499    0.000326530991914279    0.000255323063502277    -0.00054409555463125    0.025172626959653    -0.0273611575386801    -0.00159981859506736    2.65591448766262
39.8000000000007    0.000295012416224186    0.000250709898634264    0.000321101928423756    0.000253898482171259    -0.000343313180560764    0.0240029195550391    -0.0263917804572998    -0.00161145135736805    2.6618903046716
39.9000000000006    0.00028863997529879    0.000248131505716676    0.000314119315498719    0.00025113953458413    -0.000142320616939388    0.0228472373080006    -0.02542980952301    -0.00162286250085045    2.65075445763981
