0    1    1    1
0.1    1.10000024206066    1.00000476553135    0.909095041341097
0.2    1.20000093929907    1.00000911615853    0.833340277835649
0.3    1.30000205369496    1.00001311837826    0.769239645072828
0.4    1.40000355309587    1.00001682388025    0.714295918513122
0.5    1.50000540995503    1.00002027364124    0.666677777962966
0.6    1.60000760040716    1.00002350069511    0.625011718969731
0.7    1.70001010357624    1.00002653206169    0.588247405093634
0.8    1.80001290104667    1.00002939012349    0.555567901508922
0.900000000000001    1.90001597645227    1.00003209362973    0.526328255142885
1    2.00001931515207    1.00003465844249    0.500012500312508
1.1    2.10002290397104    1.00003709810068    0.476202948172452
1.2    2.20002673099038    1.00003942425265    0.45455785157777
1.3    2.30003078537593    1.0000416469926    0.434794896377506
1.4    2.40003505723652    1.00004377512532    0.416678819798911
1.5    2.50003953750596    1.00004581637688    0.400012000360011
1.6    2.60004421784393    1.0000477775639    0.384627219299055
1.7    2.70004909055214    1.00004966473098    0.370382030545406
1.8    2.80005414850292    1.000051483263    0.357154337103692
1.9    2.90005938507804    1.00005323797781    0.344838882653052
2    3.00006479411597    1.0000549332031    0.333344444814827
2.1    3.10007036986615    1.00005657284074    0.322591571650008
2.2    3.20007610694923    1.0000581604209    0.312510742556776
2.29999999999999    3.3000820003222    1.00005969914776    0.303040863545245
2.39999999999999    3.40008804524785    1.0000611919385    0.294128028048049
2.49999999999999    3.50009423726772    1.00006264145655    0.285724490160364
2.59999999999999    3.60010057217823    1.00006405014021    0.277787809004215
2.69999999999999    3.70010704600941    1.00006542022734    0.270280131842649
2.79999999999998    3.80011365500595    1.00006675377671    0.26316759038491
2.89999999999998    3.90012039561026    1.00006805268665    0.256419789966551
2.99999999999998    4.00012726444724    1.00006931871127    0.250009375351577
3.09999999999998    4.1001342583106    1.00007055347473    0.243911660074955
3.19999999999998    4.20014137415049    1.00007175848378    0.238104308735572
3.29999999999997    4.30014860906232    1.00007293513876    0.232567063619885
3.39999999999997    4.40015596027666    1.00007408474343    0.227281508603743
3.49999999999997    4.50016342514995    1.00007520851366    0.222230864533622
3.59999999999997    4.60017100115617    1.00007630758512    0.217399811296965
3.69999999999997    4.70017868587916    1.00007738302022    0.212774332606711
3.79999999999996    4.80018647700558    1.00007843581425    0.208341580187551
3.89999999999996    4.90019437231849    1.00007946690093    0.204089754592276
3.99999999999996    5.00020236969148    1.00008047715739    0.200008000320015
4.09999999999996    5.10021046708318    1.00008146740864    0.196086313273378
4.19999999999995    5.20021866253231    1.00008243843162    0.192315458893534
4.29999999999995    5.30022695415302    1.00008339095889    0.188686899562908
4.39999999999995    5.40023534013065    1.00008432568192    0.18519273007419
4.49999999999995    5.50024381871775    1.0000852432541    0.181825620139007
4.59999999999995    5.60025238823041    1.00008614429351    0.178578763056342
4.69999999999994    5.70026104704489    1.00008702938541    0.175445829784212
4.79999999999994    5.80026979359443    1.00008789908453    0.17242092776253
4.89999999999994    5.90027862636627    1.00008875391713    0.169498563923419
4.99999999999994    6.00028754389898    1.00008959438294    0.166673611400477
5.09999999999994    6.10029654477982    1.00009042095692    0.163941279512506
5.19999999999993    6.20030562764239    1.00009123409086    0.161297086652023
5.29999999999993    6.30031479116435    1.00009203421484    0.158736835755791
5.39999999999993    6.40032403406537    1.00009282173864    0.15625659207498
5.49999999999993    6.50033335510511    1.00009359705298    0.153852662997282
5.59999999999993    6.60034275308142    1.00009436053067    0.151521579703383
5.69999999999992    6.70035222682857    1.00009511252772    0.149260080466111
5.79999999999992    6.80036177521563    1.00009585338429    0.147065095423189
5.89999999999992    6.90037139714493    1.00009658342567    0.14493373267408
5.99999999999992    7.00038109155064    1.00009730296309    0.142863265568526
6.09999999999991    7.10039085739736    1.00009801229453    0.140851121069287
6.19999999999991    7.20040069367887    1.0000987117055    0.138894869084643
6.29999999999991    7.30041059941691    1.00009940146965    0.136992212677672
6.39999999999991    7.40042057366    1.0001000818495    0.135140979069367
6.49999999999991    7.5004306154824    1.00010075309697    0.133339111361494
6.5999999999999    7.60044072398305    1.00010141545398    0.13158466091291
6.6999999999999    7.7004508982846    1.00010206915297    0.129875780309924
6.7999999999999    7.8004611375325    1.00010271441737    0.128210716877404
6.8999999999999    7.90047144089409    1.00010335146208    0.126587806682699
6.9999999999999    8.00048180755782    1.00010398049389    0.12500546898927
7.09999999999989    8.10049223673241    1.00010460171187    0.123462201121162
7.19999999999989    8.20050272764613    1.00010521530777    0.121956573703237
7.29999999999989    8.30051327954606    1.00010582146639    0.120487226245493
7.39999999999989    8.40052389169744    1.00010642036584    0.119052863042779
7.49999999999988    8.50053456338299    1.00010701217796    0.117652249363944
7.59999999999988    8.60054529390231    1.00010759706853    0.116284207906863
7.69999999999988    8.70055608257131    1.00010817519757    0.114947615497929
7.79999999999988    8.8005669287216    1.00010874671965    0.113641400016593
7.89999999999988    8.90057783169999    1.00010931178407    0.112364537527229
7.99999999999987    9.00058879086797    1.00010987053515    0.111116049602206
8.09999999999987    9.10059980560122    1.00011042311239    0.109895000821467
8.19999999999987    9.20061087528915    1.00011096965074    0.108700496435169
8.29999999999987    9.30062199933443    1.00011151028079    0.107531680177128
8.39999999999987    9.40063317715258    1.0001120451289    0.106387732217824
8.49999999999986    9.50064440817156    1.00011257431745    0.105267867246694
8.59999999999986    9.60065569183137    1.00011309796496    0.104171332674278
8.69999999999986    9.70066702758368    1.00011361618627    0.103097406945571
8.79999999999986    9.80067841489146    1.00011412909269    0.102045397956644
8.89999999999985    9.90068985322865    1.00011463679214    0.101014641567223
8.99999999999985    10.0007013420798    1.00011513938927    0.100004500202511
9.09999999999985    10.1007128809398    1.00011563698562    0.0990143615380707
9.19999999999985    10.2007244693135    1.00011612967974    0.0980436372620741
9.29999999999985    10.3007361067155    1.00011661756727    0.0970917619096411
9.39999999999984    10.4007477926699    1.00011710074109    0.096158191764437
9.49999999999984    10.5007595267096    1.00011757929142    0.0952424038230315
9.59999999999984    10.6007713083769    1.00011805330591    0.09434389481788
9.69999999999984    10.7007831372225    1.00011852286974    0.0934621802950896
9.79999999999984    10.8007950128053    1.0001189880657    0.0925967937434213
9.89999999999983    10.9008069346927    1.00011944897432    0.091747285771236
9.99999999999983    11.0008189024599    1.0001199056739    0.0909132233283345
10.0999999999998    11.1008309156897    1.00012035824061    0.0900941889698599
10.1999999999998    11.2008429739727    1.0001208067486    0.0892897801596337
10.2999999999998    11.3008550769065    1.00012125127001    0.0884996086104823
10.3999999999998    11.4008672240961    1.0001216918751    0.0877232996592841
10.4999999999998    11.5008794151533    1.00012212863226    0.0869604916746213
10.5999999999998    11.6008916496965    1.00012256160814    0.0862108354950714
10.6999999999998    11.700903927351    1.00012299086764    0.0854739938963034
10.7999999999998    11.8009162477483    1.00012341647402    0.0847496410852714
10.8999999999998    11.9009286105261    1.00012383848893    0.0840374622199097
10.9999999999998    12.0009410153284    1.00012425697249    0.083337152952845
11.0999999999998    12.1009534618049    1.00012467198331    0.0826484189977322
11.1999999999998    12.2009659496112    1.00012508357854    0.0819709757169195
11.2999999999998    12.3009784784086    1.00012549181395    0.0813045477292263
11.3999999999998    12.4009910478638    1.00012589674396    0.0806488685367002
11.4999999999998    12.5010036576489    1.00012629842166    0.0800036801692891
11.5999999999998    12.6010163074414    1.00012669689888    0.0793687328464339
11.6999999999998    12.7010289969237    1.00012709222621    0.0787437846546487
11.7999999999998    12.8010417257833    1.00012748445307    0.0781286012402147
11.8999999999998    12.9010544937126    1.00012787362772    0.0775229555161665
11.9999999999998    13.0010673004087    1.00012825979729    0.0769266273828035
12.0999999999998    13.1010801455734    1.00012864300784    0.0763394034610008
12.1999999999998    13.2010930289131    1.00012902330436    0.075761076837643
12.2999999999998    13.3011059501386    1.00012940073085    0.0751914468225423
12.3999999999998    13.4011189089651    1.0001297753303    0.0746303187162403
12.4999999999998    13.5011319051118    1.00013014714474    0.0740775035881303
12.5999999999998    13.6011449383025    1.00013051621529    0.0735328180643674
12.6999999999998    13.7011580082648    1.00013088258215    0.0729960841250683
12.7999999999998    13.8011711147302    1.00013124628464    0.0724671289103275
12.8999999999998    13.9011842574342    1.00013160736123    0.0719457845346073
12.9999999999998    14.0011974361161    1.00013196584958    0.0714318879090827
13.0999999999998    14.101210650519    1.00013232178653    0.0709252805715455
13.1999999999998    14.2012239003896    1.00013267520813    0.0704258085234959
13.2999999999998    14.301237185478    1.00013302614969    0.0699333220740697
13.3999999999998    14.401250505538    1.00013337464578    0.0694476756904673
13.4999999999998    14.5012638603268    1.00013372073024    0.0689687278545737
13.5999999999998    14.6012772496048    1.00013406443622    0.0684963409254689
13.6999999999998    14.7012906731358    1.00013440579619    0.0680303810075515
13.7999999999998    14.8013041306868    1.00013474484196    0.0675707178240078
13.8999999999997    14.9013176220281    1.0001350816047    0.0671172245953766
13.9999999999997    15.0013311469327    1.00013541611495    0.0666697779229709
14.0999999999997    15.101344705177    1.00013574840264    0.0662282576769324
14.1999999999997    15.2013582965401    1.00013607849711    0.0657925468887045
14.2999999999997    15.3013719208043    1.00013640642713    0.0653625316477219
14.3999999999997    15.4013855777543    1.0001367322209    0.0649381010021259
14.4999999999997    15.5013992671781    1.00013705590606    0.0645191468633221
14.5999999999997    15.6014129888662    1.00013737750974    0.0641055639142099
14.6999999999997    15.7014267426116    1.00013769705855    0.0636972495209182
14.7999999999997    15.8014405282102    1.00013801457856    0.0632941036478935
14.8999999999997    15.9014543454605    1.00013833009539    0.0628960287761922
14.9999999999997    16.0014681941634    1.00013864363415    0.0625029298248366
15.0999999999997    16.1014820741222    1.00013895521948    0.0621147140751021
15.1999999999997    16.201495985143    1.00013926487559    0.0617312910976081
15.2999999999997    16.3015099270338    1.00013957262621    0.0613525726820932
15.3999999999997    16.4015238996055    1.00013987849465    0.0609784727697592
15.4999999999997    16.5015379026708    1.00014018250379    0.0606089073880753
15.5999999999997    16.601551936045    1.0001404846761    0.0602437945879395
15.6999999999997    16.7015659995455    1.00014078503366    0.0598830543830963
15.7999999999997    16.8015800929919    1.00014108359811    0.0595266086917193
15.8999999999997    16.9015942162061    1.00014138039076    0.0591743812800672
15.9999999999997    17.0016083690117    1.00014167543249    0.0588262977081285
16.0999999999997    17.1016225512349    1.00014196874386    0.0584822852771734
16.1999999999997    17.2016367627035    1.00014226034504    0.0581422729791354
16.2999999999997    17.3016510032476    1.00014255025586    0.0578061914477482
16.3999999999998    17.401665272699    1.0001428384958    0.0574739729113679
16.4999999999998    17.5016795708917    1.00014312508401    0.057145551147412
16.5999999999998    17.6016938976614    1.00014341003932    0.0568208614383526
16.6999999999998    17.7017082528458    1.00014369338022    0.0564998405292007
16.7999999999998    17.8017226362843    1.00014397512492    0.0561824265864237
16.8999999999998    17.9017370478182    1.00014425529129    0.0558685591582401
16.9999999999999    18.0017514872906    1.00014453389692    0.0555581791362374
17.0999999999999    18.1017659545462    1.0001448109591    0.0552512287182631
17.1999999999999    18.2017804494315    1.00014508649484    0.0549476513725377
17.2999999999999    18.3017949717949    1.00014536052086    0.0546473918029462
17.3999999999999    18.401809521486    1.00014563305363    0.0543503959154593
17.4999999999999    18.5018240983564    1.00014590410933    0.0540566107856455
17.6    18.6018387022592    1.00014617370387    0.0537659846272298
17.7    18.701853333049    1.00014644185295    0.0534784667616623
17.8    18.8018679905821    1.00014670857196    0.0531940075886572
17.9    18.9018826747163    1.00014697387608    0.0529125585576672
18    19.0018973853107    1.00014723778025    0.0526340721402593
18.1    19.1019121222262    1.00014750029916    0.0523585018033576
18.2    19.2019268853249    1.00014776144728    0.052085801983323
18.3000000000001    19.3019416744704    1.00014802123885    0.051815928060838
18.4000000000001    19.4019564895279    1.00014827968789    0.0515488363365683
18.5000000000001    19.5019713303638    1.00014853680822    0.0512844840075745
18.6000000000001    19.6019861968458    1.00014879261341    0.0510228291444438
18.7000000000001    19.7020010888431    1.00014904711685    0.0507638306691203
18.8000000000001    19.8020160062262    1.00014930033174    0.0505074483334054
18.9000000000002    19.9020309488669    1.00014955227104    0.0502536426981076
19.0000000000002    20.0020459166383    1.00014980294755    0.0500023751128174
19.1000000000002    20.1020609094148    1.00015005237386    0.0497536076962856
19.2000000000002    20.2020759270719    1.00015030056239    0.0495073033173849
19.3000000000002    20.3020909694865    1.00015054752535    0.049263425576634
19.4000000000002    20.4021060365365    1.00015079327479    0.0490219387882654
19.5000000000002    20.5021211281014    1.00015103782259    0.0487828079628172
19.6000000000003    20.6021362440614    1.00015128118042    0.0485459987902331
19.7000000000003    20.7021513842982    1.00015152335983    0.0483114776234515
19.8000000000003    20.8021665486945    1.00015176437216    0.048079211462468
19.9000000000003    20.9021817371342    1.00015200422862    0.0478491679388557
20.0000000000003    21.0021969495021    1.00015224294023    0.0476213153007279
20.1000000000003    21.1022121856844    1.00015248051787    0.0473956223981277
20.2000000000004    21.2022274455683    1.00015271697227    0.047172058668832
20.3000000000004    21.3022427290418    1.00015295231399    0.0469505941245549
20.4000000000004    21.4022580359944    1.00015318655347    0.0467311993375377
20.5000000000004    21.5022733663162    1.00015341970097    0.0465138454275137
20.6000000000004    21.6022887198985    1.00015365176664    0.0462985040490348
20.7000000000004    21.7023040966338    1.00015388276046    0.0460851473791483
20.8000000000005    21.8023194964153    1.00015411269229    0.0458737481054133
20.9000000000005    21.9023349191372    1.00015434157186    0.0456642794142451
21.0000000000005    22.0023503646949    1.00015456940874    0.0454567149795776
21.1000000000005    22.1023658329845    1.0001547962124    0.0452510289518336
21.2000000000005    22.2023813239033    1.00015502199217    0.0450471959471928
21.3000000000005    22.3023968373492    1.00015524675724    0.0448451910371494
21.4000000000005    22.4024123732212    1.0001554705167    0.044644989738348
21.5000000000006    22.5024279314193    1.00015569327951    0.0444465680026924
21.6000000000006    22.6024435118443    1.00015591505451    0.044249902207715
21.7000000000006    22.7024591143976    1.00015613585042    0.0440549691472026
21.8000000000006    22.802474738982    1.00015635567584    0.0438617460220674
21.9000000000006    22.9024903855008    1.00015657453927    0.0436702104314583
22.0000000000006    23.0025060538581    1.00015679244909    0.0434803403641032
22.1000000000007    23.1025217439591    1.00015700941359    0.0432921141898767
22.2000000000007    23.2025374557096    1.00015722544091    0.043105510651586
22.3000000000007    23.3025531890164    1.00015744053914    0.0429205088569676
22.4000000000007    23.4025689437868    1.00015765471621    0.0427370882708903
22.5000000000007    23.5025847199292    1.00015786798    0.042555228707756
22.6000000000007    23.6026005173526    1.00015808033825    0.0423749103240947
22.7000000000007    23.7026163359669    1.00015829179862    0.0421961136113467
22.8000000000008    23.8026321756827    1.00015850236868    0.0420188193888265
22.9000000000008    23.9026480364113    1.00015871205589    0.0418430087968636
23.0000000000008    24.0026639180647    1.00015892086762    0.0416686632901146
23.1000000000008    24.1026798205559    1.00015912881116    0.0414957646310421
23.2000000000008    24.2026957437983    1.00015933589368    0.041324294883555
23.3000000000008    24.3027116877062    1.0001595421223    0.0411542364068057
23.4000000000009    24.4027276521946    1.00015974750403    0.0409855718491405
23.5000000000009    24.502743637179    1.00015995204579    0.0408182841421972
23.6000000000009    24.602759642576    1.00016015575443    0.0406523564951475
23.7000000000009    24.7027756683024    1.0001603586367    0.0404877723890787
23.8000000000009    24.802791714276    1.00016056069929    0.0403245155715118
23.9000000000009    24.9028077804152    1.00016076194879    0.0401625700510512
24.000000000001    25.0028238666389    1.00016096239171    0.0400019200921629
24.100000000001    25.1028399728669    1.00016116203451    0.0398425502100783
24.200000000001    25.2028560990194    1.00016136088354    0.0396844451658179
24.300000000001    25.3028722450174    1.00016155894508    0.0395275899613345
24.400000000001    25.4028884107824    1.00016175622535    0.03937196983477
24.500000000001    25.5029045962367    1.0001619527305    0.0392175702558244
24.600000000001    25.6029208013029    1.00016214846658    0.0390643769212333
24.7000000000011    25.7029370259046    1.0001623434396    0.0389123757503506
24.8000000000011    25.8029532699656    1.00016253765547    0.0387615528808345
24.9000000000011    25.9029695334106    1.00016273112007    0.038611894664433
25.0000000000011    26.0029858161648    1.00016292383917    0.0384633876628668
25.1000000000011    26.1030021181538    1.00016311581851    0.0383160186438067
25.2000000000011    26.2030184393041    1.00016330706373    0.0381697745769436
25.3000000000012    26.3030347795423    1.00016349758044    0.0380246426301477
25.4000000000012    26.4030511387961    1.00016368737416    0.0378806101657146
25.5000000000012    26.5030675169933    1.00016387645036    0.0377376647366979
25.6000000000012    26.6030839140625    1.00016406481444    0.0375957940833226
25.7000000000012    26.7031003299327    1.00016425247176    0.0374549861294806
25.8000000000012    26.8031167645335    1.00016443942758    0.0373152289793036
25.9000000000012    26.903133217795    1.00016462568714    0.0371765109138136
26.0000000000013    27.0031496896479    1.0001648112556    0.0370388203876466
26.1000000000013    27.1031661800233    1.00016499613808    0.0369021460258493
26.2000000000013    27.2031826888528    1.00016518033962    0.0367664766207473
26.3000000000013    27.3031992160687    1.00016536386523    0.0366318011288805
26.4000000000013    27.4032157616035    1.00016554671985    0.0364981086680071
26.5000000000013    27.5032323253905    1.00016572890836    0.0363653885141721
26.6000000000014    27.6032489073632    1.00016591043561    0.0362336300988399
26.7000000000014    27.7032655074558    1.00016609130636    0.0361028230060889
26.8000000000014    27.8032821256028    1.00016627152537    0.0359729569698665
26.9000000000014    27.9032987617393    1.0001664510973    0.0358440218713035
27.0000000000014    28.0033154158009    1.00016663002678    0.0357160077360855
27.1000000000014    28.1033320877234    1.00016680831841    0.0355889047318812
27.2000000000015    28.2033487774435    1.0001669859767    0.0354627031658246
27.3000000000015    28.3033654848978    1.00016716300614    0.0353373934820513
27.4000000000015    28.4033822100239    1.00016733941118    0.035212966259286
27.5000000000015    28.5033989527594    1.00016751519619    0.0350894122084819
27.6000000000015    28.6034157130427    1.00016769036552    0.0349667221705085
27.7000000000015    28.7034324908122    1.00016786492347    0.0348448871138885
27.8000000000015    28.8034492860071    1.00016803887429    0.0347238981325816
27.9000000000016    28.903466098567    1.0001682122222    0.0346037464438144
28.0000000000016    29.0034829284317    1.00016838497135    0.0344844233859547
28.1000000000016    29.1034997755415    1.00016855712586    0.0343659204164306
28.2000000000016    29.2035166398372    1.00016872868983    0.0342482291096914
28.3000000000016    29.3035335212599    1.00016889966728    0.0341313411552109
28.4000000000016    29.4035504197512    1.00016907006221    0.0340152483555309
28.5000000000017    29.5035673352531    1.00016923987859    0.0338999426243452
28.6000000000017    29.6035842677078    1.00016940912031    0.0337854159846217
28.7000000000017    29.7036012170582    1.00016957779127    0.0336716605667629
28.8000000000017    29.8036181832472    1.00016974589529    0.0335586686068032
28.9000000000017    29.9036351662185    1.00016991343618    0.033446432444643
29.0000000000017    30.0036521659158    1.00017008041769    0.0333349445223167
29.1000000000017    30.1036691822835    1.00017024684355    0.0332241973822968
29.2000000000018    30.2036862152662    1.00017041271745    0.0331141836658309
29.3000000000018    30.3037032648088    1.00017057804303    0.0330048961113117
29.4000000000018    30.4037203308567    1.00017074282391    0.0328963275526791
29.5000000000018    30.5037374133556    1.00017090706366    0.0327884709178539
29.6000000000018    30.6037545122515    1.00017107076583    0.0326813192272025
29.7000000000018    30.703771627491    1.00017123393393    0.0325748655920308
29.8000000000019    30.8037887590206    1.00017139657142    0.032469103213108
29.9000000000019    30.9038059067877    1.00017155868175    0.0323640253792195
30.0000000000019    31.0038230707396    1.00017172026833    0.0322596254657464
30.1000000000019    31.103840250824    1.00017188133452    0.0321558969332741
30.2000000000019    31.2038574469893    1.00017204188367    0.0320528333262263
30.3000000000019    31.3038746591837    1.00017220191909    0.0319504282715262
30.400000000002    31.4038918873561    1.00017236144406    0.0318486754772823
30.500000000002    31.5039091314556    1.00017252046182    0.0317475687315001
30.600000000002    31.6039263914317    1.00017267897559    0.0316471019008179
30.700000000002    31.7039436672341    1.00017283698854    0.0315472689292664
30.800000000002    31.8039609588128    1.00017299450385    0.0314480638370518
30.900000000002    31.9039782661184    1.00017315152462    0.031349480719362
31.000000000002    32.0039955891014    1.00017330805396    0.031251513745195
31.1000000000021    32.1040129277129    1.00017346409494    0.0311541571562092
31.2000000000021    32.2040302819043    1.00017361965059    0.0310574052655947
31.3000000000021    32.304047651627    1.00017377472391    0.0309612524569669
31.4000000000021    32.4040650368331    1.0001739293179    0.0308656931832788
31.5000000000021    32.5040824374747    1.00017408343551    0.0307707219657548
31.6000000000021    32.6040998535045    1.00017423707966    0.0306763333928434
31.7000000000022    32.704117284875    1.00017439025325    0.0305825221191894
31.8000000000022    32.8041347315395    1.00017454295917    0.0304892828646247
31.9000000000022    32.9041521934514    1.00017469520024    0.0303966104131776
32.0000000000022    33.0041696705642    1.00017484697931    0.0303044996121004
32.1000000000022    33.1041871628319    1.00017499829916    0.030212945370914
32.2000000000022    33.2042046702088    1.00017514916255    0.0301219426604704
32.3000000000021    33.3042221926493    1.00017529957225    0.0300314865120316
32.4000000000021    33.4042397301082    1.00017544953097    0.0299415720163654
32.5000000000021    33.5042572825405    1.0001755990414    0.0298521943228571
32.6000000000021    33.6042748499016    1.00017574810622    0.0297633486386375
32.7000000000021    33.7042924321469    1.00017589672807    0.0296750302277258
32.800000000002    33.8043100292325    1.00017604490959    0.0295872344101885
32.900000000002    33.9043276411142    1.00017619265337    0.0294999565613122
33.000000000002    34.0043452677486    1.00017633996199    0.0294131921107919
33.100000000002    34.1043629090922    1.000176486838    0.0293269365419331
33.200000000002    34.2043805651018    1.00017663328395    0.0292411853908682
33.3000000000019    34.3043982357347    1.00017677930234    0.0291559342457861
33.4000000000019    34.4044159209481    1.00017692489566    0.0290711787461759
33.5000000000019    34.5044336206997    1.00017707006638    0.0289869145820832
33.6000000000019    34.6044513349473    1.00017721481695    0.0289031374933796
33.7000000000019    34.7044690636491    1.00017735914978    0.0288198432690448
33.8000000000018    34.8044868067634    1.00017750306729    0.0287370277464609
33.9000000000018    34.9045045642487    1.00017764657186    0.028654686810719
34.0000000000018    35.004522336064    1.00017778966585    0.0285728163939377
34.1000000000018    35.1045401221683    1.0001779323516    0.0284914124745931
34.2000000000018    35.2045579225208    1.00017807463144    0.0284104710768606
34.3000000000017    35.3045757370811    1.00017821650767    0.028329988269967
34.4000000000017    35.4045935658089    1.00017835798257    0.0282499601675548
34.5000000000017    35.5046114086642    1.00017849905841    0.0281703829270564
34.6000000000017    35.6046292656073    1.00017863973743    0.0280912527490789
34.7000000000017    35.7046471365985    1.00017878002185    0.0280125658767997
34.8000000000016    35.8046650215986    1.0001789199139    0.0279343185953718
34.9000000000016    35.9046829205683    1.00017905941575    0.0278565072313391
35.0000000000016    36.0047008334687    1.00017919852957    0.0277791281520617
35.1000000000016    36.1047187602613    1.00017933725752    0.0277021777651505
35.2000000000016    36.2047367009074    1.00017947560174    0.0276256525179113
35.3000000000015    36.3047546553689    1.00017961356433    0.0275495488967978
35.4000000000015    36.4047726236076    1.00017975114741    0.0274738634268743
35.5000000000015    36.5047906055857    1.00017988835304    0.0273985926712863
35.6000000000015    36.6048086012656    1.00018002518331    0.0273237332307407
35.7000000000015    36.7048266106099    1.00018016164024    0.0272492817429938
35.8000000000014    36.8048446335813    1.00018029772589    0.0271752348823478
35.9000000000014    36.9048626701427    1.00018043344226    0.0271015893591561
36.0000000000014    37.0048807202574    1.00018056879135    0.0270283419193356
36.1000000000014    37.1048987838888    1.00018070377514    0.0269554893438876
36.2000000000014    37.2049168610003    1.0001808383956    0.0268830284484262
36.3000000000013    37.3049349515558    1.00018097265469    0.0268109560827146
36.4000000000013    37.4049530555192    1.00018110655433    0.0267392691302081
36.5000000000013    37.5049711728547    1.00018124009644    0.0266679645076051
36.6000000000013    37.6049893035266    1.00018137328294    0.0265970391644052
36.7000000000013    37.7050074474995    1.0001815061157    0.0265264900824739
36.8000000000012    37.805025604738    1.00018163859661    0.0264563142756147
36.9000000000012    37.9050437752071    1.00018177072752    0.0263865087891473
37.0000000000012    38.0050619588719    1.00018190251027    0.0263170706994937
37.1000000000012    38.1050801556976    1.0001820339467    0.0262479971137694
37.2000000000012    38.2050983656497    1.00018216503863    0.0261792851693818
37.3000000000011    38.3051165886938    1.00018229578784    0.0261109320336348
37.4000000000011    38.4051348247958    1.00018242619614    0.0260429349033396
37.5000000000011    38.5051530739217    1.00018255626529    0.0259752910044313
37.6000000000011    38.6051713360376    1.00018268599705    0.0259079975915918
37.7000000000011    38.7051896111099    1.00018281539317    0.0258410519478784
37.800000000001    38.8052078991051    1.00018294445539    0.025774451384358
37.900000000001    38.9052261999899    1.00018307318541    0.0257081932397471
38.000000000001    39.0052445137311    1.00018320158495    0.0256422748800576
38.100000000001    39.1052628402959    1.0001833296557    0.0255766936982473
38.200000000001    39.2052811796513    1.00018345739934    0.0255114471138766
38.3000000000009    39.3052995317648    1.00018358481753    0.0254465325727698
38.4000000000009    39.405317896604    1.00018371191193    0.0253819475466819
38.5000000000009    39.5053362741364    1.00018383868418    0.0253176895329703
38.6000000000009    39.6053546643301    1.00018396513591    0.0252537560542718
38.7000000000009    39.7053730671529    1.00018409126873    0.0251901446581837
38.8000000000008    39.8053914825732    1.00018421708426    0.0251268529169507
38.9000000000008    39.9054099105592    1.00018434258408    0.0250638784271559
39.0000000000008    40.0054283510795    1.00018446776977    0.0250012188094165
39.1000000000008    40.1054468041027    1.00018459264291    0.024938871708084
39.2000000000008    40.2054652695977    1.00018471720504    0.0248768347909495
39.3000000000008    40.3054837475334    1.00018484145772    0.0248151057489523
39.4000000000007    40.4055022378789    1.00018496540248    0.0247536822958937
39.5000000000007    40.5055207406036    1.00018508904083    0.0246925621681547
39.6000000000007    40.6055392556769    1.0001852123743    0.024631743124418
39.7000000000007    40.7055577830683    1.00018533540438    0.0245712229453939
39.8000000000007    40.8055763227477    1.00018545813257    0.0245109994335504
39.9000000000006    40.9055948746848    1.00018558056033    0.0244510704128474
