0    -3.57109090562413e-18    -8.78203759713259e-18    0.000234936323101741    0.00127759577664893    0.015327632664627    0.0357434718046378
0.1    8.30023822297275e-12    1.62597143872113e-10    0.000194669723926056    0.00102521908287285    0.0139524092516689    0.0320190425039983
0.2    2.98510175183054e-11    2.6108651381135e-10    0.000163478866498113    0.000844343810077231    0.0127858854405205    0.0290575947056399
0.3    5.61679401042204e-11    2.52750841225413e-10    0.000138833270767532    0.000709635483869202    0.0117827531064489    0.0266389842874912
0.4    7.53276649091911e-11    1.12926512071113e-10    0.000119106288207401    0.000605704690959918    0.0109135827392933    0.0246110684644108
0.5    7.41513780377358e-11    -1.57563484127528e-10    0.000103191240333252    0.000522951439204544    0.0101583089307843    0.0228681315197491
0.6    4.08692703567385e-11    -5.30574584301521e-10    9.02839885372286e-05    0.000455328864997612    0.00950178870198809    0.0213384363297223
0.7    -3.23365611631238e-11    -9.55096390908486e-10    7.97619838586509e-05    0.000399030167973445    0.00893095649181267    0.0199757394850214
0.8    -1.47504586968166e-10    -1.3670933450563e-09    7.11209508434793e-05    0.000351652441750464    0.00843332383129447    0.0187523982932974
0.900000000000001    -3.00216369027438e-10    -1.70247498242841e-09    6.39452541824072e-05    0.000311634275377986    0.00799657765437234    0.017653166157321
1    -4.80237787823254e-10    -1.91019125129451e-09    5.7896028912003e-05    0.000277874261650338    0.00760894400767957    0.0166695609315403
1.1    -6.73343497536376e-10    -1.9624676775074e-09    5.27063569563806e-05    0.000249485419226172    0.00725991439043052    0.015795107445857
1.2    -8.63923352828992e-10    -1.85994666499806e-09    4.81767854665753e-05    0.000225657955655636    0.00694094989656132    0.0150219158450456
1.3    -1.03780617490701e-09    -1.63075840562385e-09    4.41678209189617e-05    0.000205606128697239    0.00664588751928293    0.0143389723724274
1.4    -1.18470811046929e-09    -1.32397097010918e-09    4.05887113318993e-05    0.000188573470433435    0.00637092703865756    0.0137322055924543
1.5    -1.29982109805209e-09    -9.9910914287976e-10    3.73837058773458e-05    0.000173869634093344    0.00611422160845877    0.0131859635254062
1.6    -1.38426735167484e-09    -7.14207102418379e-10    3.45179556804265e-05    0.000160914181934546    0.00587519835243242    0.0126851953841691
1.7    -1.44440351920147e-09    -5.15026667912918e-10    3.19653250531711e-05    0.000149268241166859    0.0056537885575222    0.0122175382613217
1.8    -1.4902039267083e-09    -4.27640846898613e-10    2.96998020014862e-05    0.000138643104763497    0.00544975247157923    0.0117746806650328
1.9    -1.53313006942072e-09    -4.55697374444414e-10    2.76912226320939e-05    0.000128883705016836    0.00526224501824949    0.0113526959360689
2    -1.58397094726425e-09    -5.82569090032215e-10    2.59049841528602e-05    0.000119932457252719    0.00508969391543909    0.0109513678256517
2.1    -1.65110565421723e-09    -7.77524496646177e-10    2.43046011430905e-05    0.000111783727333801    0.00492996968987516    0.0105727823837342
2.2    -1.73951028793518e-09    -1.00423855116772e-09    2.28555415846713e-05    0.000104440421359166    0.00478074696932062    0.0102196096480817
2.29999999999999    -1.85064136161862e-09    -1.22956386532279e-09    2.15288118713352e-05    9.78821736211836e-05    0.00463991507156454    0.0098935420159406
2.39999999999999    -1.98311999663803e-09    -1.43055553002206e-09    2.03031674330327e-05    9.20503472335063e-05    0.00450590362003325    0.00959428721862673
2.49999999999999    -2.13396387099298e-09    -1.59824964731276e-09    1.91654444928469e-05    8.6850019353224e-05    0.00437783559454239    0.00931933577854245
2.59999999999999    -2.30000272001418e-09    -1.73751487053498e-09    1.81091441265174e-05    8.2164758285173e-05    0.00425548400613985    0.00906447782749619
2.69999999999999    -2.47909231613678e-09    -1.86324747875585e-09    1.71318822776389e-05    7.78773887448557e-05    0.00413906780297603    0.00882481664086298
2.79999999999998    -2.67081320705625e-09    -1.99405810418249e-09    1.62325454136099e-05    7.38895399232797e-05    0.00402896331748042    0.008595902507781
2.89999999999998    -2.87648805921253e-09    -2.1452083276273e-09    1.54089427161771e-05    7.01343721683945e-05    0.00392542261625023    0.0083746266883002
2.99999999999998    -3.09853995937314e-09    -2.32275269012212e-09    1.46564813276995e-05    6.65797557329947e-05    0.00382837842012645    0.00815964188754564
3.09999999999998    -3.33939888189133e-09    -2.5205615796864e-09    1.39680205432566e-05    6.3222350585565e-05    0.00373738150892378    0.00795124836648678
3.19999999999998    -3.60029786002132e-09    -2.72118215212115e-09    1.3334705797811e-05    6.00755833192027e-05    0.00365167164430183    0.00775084403914795
3.29999999999997    -3.88034771246487e-09    -2.90048364212102e-09    1.27473423769994e-05    5.71558135839733e-05    0.00357034205321904    0.00756014639963837
3.39999999999997    -4.17621974402455e-09    -3.03496422003248e-09    1.21977928661704e-05    5.4470845650263e-05    0.00349253387473235    0.00738043668425208
3.49999999999997    -4.48260922643016e-09    -3.10974492398653e-09    1.16799672269672e-05    5.20136216357172e-05    0.00341759670337901    0.00721204697958267
3.59999999999997    -4.79343204709105e-09    -3.12489547628092e-09    1.1190170031964e-05    4.97619870230971e-05    0.00334517115136745    0.00705421767619112
3.69999999999997    -5.10347890364384e-09    -3.0979843313143e-09    1.0726801152068e-05    4.7683505834827e-05    0.00327517956027482    0.00690532445543418
3.79999999999996    -5.41008029303541e-09    -3.06162361494575e-09    1.02896001893847e-05    4.57429802825466e-05    0.00320774066740991    0.00676335569688133
3.89999999999996    -5.7142765169996e-09    -3.05611188596105e-09    9.8787296732426e-06    4.390990442679e-05    0.0031430446502094    0.00662645489132618
3.99999999999996    -6.0210698178261e-09    -3.11873201589563e-09    9.49399039475882e-06    4.21635510046042e-05    0.00308123196055126    0.00649334667214022
4.09999999999996    -6.33855318613277e-09    -3.27242786015059e-09    9.13437170316693e-06    4.0494485086966e-05    0.00302231231065334    0.00636352772343732
4.19999999999995    -6.67601323822081e-09    -3.51708567865559e-09    8.79800189991606e-06    3.89025958589341e-05    0.0029661425960111    0.00623719455035048
4.29999999999995    -7.04141509328722e-09    -3.82626076999852e-09    8.48242895580172e-06    3.73928122421429e-05    0.00291246097926687    0.0061149662502853
4.39999999999995    -7.43890400450009e-09    -4.15093241626649e-09    8.18507122773125e-06    3.5970218810673e-05    0.00286095634843944    0.00599751772074546
4.49999999999995    -7.8670279739459e-09    -4.43002009162394e-09    7.90365323541388e-06    3.46362169815571e-05    0.00281134367080085    0.0058852541985489
4.59999999999995    -8.31826001467162e-09    -4.60543668912785e-09    7.6364804921986e-06    3.33867912206765e-05    0.00276341826224866    0.00577813042606822
4.69999999999994    -8.78009661636855e-09    -4.63795645979624e-09    7.38248758963782e-06    3.22130967883307e-05    0.00271707335005162    0.00567565826916219
4.79999999999994    -9.23760087954956e-09    -4.51961721299112e-09    7.14108282313532e-06    3.1103789154814e-05    0.00267228045366686    0.00557707711572949
4.89999999999994    -9.67685271730602e-09    -4.27900018632179e-09    6.91187985756737e-06    3.00480172117084e-05    0.00262904542704643    0.00548160717414976
4.99999999999994    -1.00884817447378e-08    -3.97744620732213e-09    6.69443288387259e-06    2.90379273989993e-05    0.00258736021531035    0.0053886851270958
5.09999999999994    -1.04703799158192e-08    -3.69665130477737e-09    6.48807328569091e-06    2.80698463536649e-05    0.00254716966171892    0.00529809837145851
5.19999999999993    -1.08288576882625e-08    -3.52048998651979e-09    6.29189517405585e-06    2.71438721846721e-05    0.00250836504000885    0.00520997813667771
5.29999999999993    -1.11778859158825e-08    -3.51564385948774e-09    6.10487583254006e-06    2.62621932814706e-05    0.00247080469329632    0.0051246651872545
5.39999999999993    -1.15365590819911e-08    -3.71613124015325e-09    5.92606784195746e-06    2.54268678085628e-05    0.00243435162657829    0.00504250610396745
5.49999999999993    -1.19253910537147e-08    -4.11593321385536e-09    5.75477847877514e-06    2.46379150627257e-05    0.00239891193640636    0.0049636594426601
5.59999999999993    -1.23623754102008e-08    -4.67179461427708e-09    5.59066358436433e-06    2.38923813111822e-05    0.00236445841245125    0.00488798335831458
5.69999999999992    -1.2859814945822e-08    -5.31551245886879e-09    5.43370033484475e-06    2.31846411123748e-05    0.00233102988712701    0.00481504320981095
5.79999999999992    -1.34227203681747e-08    -5.97238910403728e-09    5.28405079294645e-06    2.25077370209298e-05    0.00229870633025758    0.00474423197376499
5.89999999999992    -1.40491504334674e-08    -6.58078935573631e-09    5.14186814021847e-06    2.18552077380587e-05    0.00226756877294187    0.00467495537283677
5.99999999999992    -1.47323319754522e-08    -7.10742406036586e-09    5.0071164171997e-06    2.12227196174588e-05    0.002237658690905    0.00460681230542425
6.09999999999991    -1.54639106166415e-08    -7.55420499942904e-09    4.87946715024286e-06    2.06089285905929e-05    0.00220895159521519    0.00453970578237575
6.19999999999991    -1.62373818186894e-08    -7.95494282646592e-09    4.7583066636608e-06    2.00153025791773e-05    0.00218135431862803    0.00447384650822019
6.29999999999991    -1.70507245939503e-08    -8.36309412491021e-09    4.64284780030994e-06    1.94450113981578e-05    0.00215472685044282    0.0044096498044729
6.39999999999991    -1.79075158670929e-08    -8.83434663470434e-09    4.53230373169868e-06    1.89013083848523e-05    0.00212892079030151    0.00434756349979782
6.49999999999991    -1.88162660955894e-08    -9.40929842264035e-09    4.42606179565931e-06    1.83859812223538e-05    0.00210382076121167    0.00428788773433555
6.5999999999999    -1.97882504490907e-08    -1.01013969918333e-08    4.32379781802883e-06    1.78983966552346e-05    0.00207937438130733    0.00423064967293825
6.6999999999999    -2.08345557467561e-08    -1.08936802938909e-08    4.22549417136273e-06    1.743543521587e-05    0.00205560068372451    0.00417557603400433
6.7999999999999    -2.1963289267948e-08    -1.17451867349299e-08    4.13135911372452e-06    1.69922952547491e-05    0.0020325745037371    0.00412217118210916
6.8999999999999    -2.31778349814934e-08    -1.26049784884129e-08    4.041678515192e-06    1.65638524798782e-05    0.00201039262698976    0.00406987130997029
6.9999999999999    -2.44767145839576e-08    -1.34294332847489e-08    3.95665258731229e-06    1.61460892876283e-05    0.00198913362716364    0.00401821966640053
7.09999999999989    -2.58551165864952e-08    -1.41974967483515e-08    3.8762730075968e-06    1.57371085997285e-05    0.00196882528603437    0.00396700247032024
7.19999999999989    -2.7307645798859e-08    -1.49192409745982e-08    3.80027985341265e-06    1.53374102908815e-05    0.00194943064833478    0.00391630058737311
7.29999999999989    -2.88314746476211e-08    -1.56351435092909e-08    3.7282093052286e-06    1.49493712166502e-05    0.00193085714241042    0.00386644167373642
7.39999999999989    -3.04289586272838e-08    -1.64063501029763e-08    3.65951229093492e-06    1.45761391671003e-05    0.00191298517767624    0.00381787102543173
7.49999999999988    -3.21089461765218e-08    -1.72989413104919e-08    3.59370153287387e-06    1.42203365073723e-05    0.00189570607738723    0.00377098614517118
7.59999999999988    -3.38864165133423e-08    -1.83670438357595e-08    3.53047701619181e-06    1.38830133088111e-05    0.0018789563632622    0.00372599158727898
7.69999999999988    -3.57805917653207e-08    -1.96399577251532e-08    3.46978945427182e-06    1.35631850034273e-05    0.00186273708638433    0.00368282296656269
7.79999999999988    -3.78121360455812e-08    -2.11172155606147e-08    3.41182386286539e-06    1.32580784679545e-05    0.00184711230341732    0.00364116443840546
7.89999999999988    -4.00003298135687e-08    -2.2773042403459e-08    3.3569127242432e-06    1.29639685783388e-05    0.00183218796051147    0.00360055114917428
7.99999999999987    -4.23611110143588e-08    -2.45688037986616e-08    3.30541107618956e-06    1.26772966494703e-05    0.00181807895163964    0.00356051915440244
8.09999999999987    -4.49066050204553e-08    -2.64696014239237e-08    3.25757681349255e-06    1.23956836388025e-05    0.00180487584378426    0.00352075043678218
8.19999999999987    -4.76463085631406e-08    -2.84599452884661e-08    3.21349548178788e-06    1.21185051859763e-05    0.00179262251450709    0.00348116434331479
8.29999999999987    -5.05895897888403e-08    -3.05537681440924e-08    3.17307194703964e-06    1.18468580831545e-05    0.00178131186053435    0.0034419265073823
8.39999999999987    -5.37487733220434e-08    -3.27958375473738e-08    3.13608780687558e-06    1.15829594579848e-05    0.00177090028064447    0.00340337471591202
8.49999999999986    -5.7141914234358e-08    -3.5254303778399e-08    3.10230145440161e-06    1.13292081083313e-05    0.0017613351331125    0.00336588890296284
8.59999999999986    -6.07944791641545e-08    -3.80068666840338e-08    3.07155459566699e-06    1.10872404963167e-05    0.00175258511689761    0.00332975081573264
8.69999999999986    -6.47395079390612e-08    -4.11250079114762e-08    3.04384876120787e-06    1.08573012947816e-05    0.00174466293507275    0.00329504192584713
8.79999999999986    -6.90163153063673e-08    -4.46613197516542e-08    3.01936747069288e-06    1.06381291715106e-05    0.00173763271893966    0.00326161450351141
8.89999999999985    -7.36682587365287e-08    -4.86439981479051e-08    2.99843961092605e-06    1.04273767399578e-05    0.00173160030188812    0.00322914489262893
8.99999999999985    -7.87404023537781e-08    -5.30803616172522e-08    2.9814602464067e-06    1.02224022887323e-05    0.00172669054558327    0.00319724917482432
9.09999999999985    -8.42779565492715e-08    -5.79684944372354e-08    2.96879948046857e-06    1.00211504112559e-05    0.00172302045065222    0.00316562006688983
9.19999999999985    -9.03261531962178e-08    -6.33136408912e-08    2.96073345161471e-06    9.8228169773123e-06    0.0017206781928809    0.00313413735712136
9.29999999999985    -9.6931797653075e-08    -6.91445503792403e-08    2.9574232321028e-06    9.62807495373586e-06    0.00171971602967089    0.00310291394481943
9.39999999999984    -1.04146248514683e-07    -7.55250191508928e-08    2.95895042010388e-06    9.43879123913219e-06    0.0017201599952497    0.00307226158284547
9.49999999999984    -1.12029165475612e-07    -8.25573675069847e-08    2.96539852403439e-06    9.25733780982315e-06    0.00172203324923878    0.00304258735338978
9.59999999999984    -1.20652157794333e-07    -9.03770678189063e-08    2.97695353007882e-06    9.08573521873634e-06    0.00172538503399151    0.00301425533267643
9.69999999999984    -1.30101524256355e-07    -9.91404415012937e-08    2.99399054362289e-06    8.92491934784329e-06    0.00173031515242064    0.00298746034919536
9.79999999999984    -1.40479580496038e-07    -1.09009457422498e-07    3.01711815709868e-06    8.77437790602028e-06    0.00173698535899534    0.00296215764167561
9.89999999999983    -1.51904528784778e-07    -1.20138565416041e-07    3.04716650843692e-06    8.63227834599873e-06    0.00174561349827559    0.00293807391526582
9.99999999999983    -1.6450930228781e-07    -1.3266793724989e-07    3.08512402611876e-06    8.49604625859751e-06    0.00175645210553987    0.00291479780447919
10.0999999999998    -1.78440169928884e-07    -1.46725657816586e-07    3.1320453100404e-06    8.36320664470531e-06    0.0017697585366935    0.00289192092270465
10.1999999999998    -1.93856018061281e-07    -1.62438879444705e-07    3.18896278701642e-06    8.23221694306026e-06    0.00178576671192971    0.00286918401582643
10.2999999999998    -2.10929100118265e-07    -1.79951485919001e-07    3.25683446428282e-06    8.1030258984308e-06    0.00180467016925302    0.00284658143499326
10.3999999999998    -2.29847707181639e-07    -1.99444133130293e-07    3.33654948036344e-06    7.97718273286481e-06    0.0018266224096768    0.00282439067642684
10.4999999999998    -2.50820767338249e-07    -2.21152111714656e-07    3.42899571971007e-06    7.8574659472312e-06    0.00185175475071593    0.00280311717527522
10.5999999999998    -2.74083962172722e-07    -2.45377399843424e-07    3.53517513058355e-06    7.74715323084295e-06    0.00188020612047231    0.00278337082880325
10.6999999999998    -2.99906677715903e-07    -2.72493232499216e-07    3.65633846588278e-06    7.64916517489397e-06    0.00191215542672105    0.00276571240381957
10.7999999999998    -3.28599058312099e-07    -3.02941908789508e-07    3.79410627099078e-06    7.56535181105325e-06    0.00194784654503722    0.0027505184455443
10.8999999999998    -3.60518615643062e-07    -3.37228693119692e-07    3.95054848518461e-06    7.49614296026912e-06    0.00198759864037258    0.00273790848030863
10.9999999999998    -3.96076203393396e-07    -3.75915947896315e-07    4.12820914515622e-06    7.440668158062e-06    0.00203179944588039    0.00272775879005993
11.0999999999998    -4.35741597050999e-07    -4.19621748878304e-07    4.33008091371285e-06    7.39730707879488e-06    0.00208088460127949    0.00271979905557607
11.1999999999998    -4.80049299938991e-07    -4.69026217503956e-07    4.55955088392758e-06    7.36450245252249e-06    0.00213531043492047    0.00271376163885793
11.2999999999998    -5.29605435762296e-07    -5.24887016951864e-07    4.82034932284282e-06    7.34159357435134e-06    0.00219552933079039    0.00270953746954069
11.3999999999998    -5.85096630972845e-07    -5.88063462628397e-07    5.11653384616007e-06    7.32943050227971e-06    0.00226197557542561    0.00270729203383401
11.4999999999998    -6.47301650027543e-07    -6.59547083557928e-07    5.45253302750101e-06    7.33060378776008e-06    0.00233506586812912    0.00270750869855624
11.5999999999998    -7.17106282820801e-07    -7.4049568367871e-07    5.83325853940065e-06    7.34924685646921e-06    0.00241521386737474    0.0027109493370654
11.6999999999998    -7.95521692033101e-07    -8.32268178006984e-07    6.26427834334375e-06    7.39049925001136e-06    0.00250285391313376    0.00271854714090836
11.7999999999998    -8.83706205411408e-07    -9.36458606987786e-07    6.75203028508338e-06    7.4598190461916e-06    0.00259846676025435    0.00273126677006053
11.8999999999998    -9.82990459971633e-07    -1.05492941368839e-06    7.30404960274621e-06    7.56237315875686e-06    0.00270260034716122    0.00274997673551628
11.9999999999998    -1.09490590305346e-06    -1.18984582947678e-06    7.92918689594063e-06    7.70270545028081e-06    0.00281588098063851    0.0027753745755389
12.0999999999998    -1.22121691371013e-06    -1.34371461290735e-06    8.63780392592225e-06    7.88479653103616e-06    0.00293901385409316    0.00280798766476407
12.1999999999998    -1.3639571744852e-06    -1.51943112725833e-06    9.44194988374102e-06    8.11251430271866e-06    0.00307277529659457    0.00284824717923984
12.2999999999998    -1.52547133015351e-06    -1.72033876004777e-06    1.03555360176146e-05    8.39034651959556e-06    0.00321800150567892    0.00289660897603217
12.3999999999998    -1.70846334298318e-06    -1.95030413024157e-06    1.13945375631404e-05    8.72423774219092e-06    0.00337557915686973    0.00295368142129525
12.4999999999998    -1.91605326087737e-06    -2.21381071185118e-06    1.25772560879296e-05    9.12234160991559e-06    0.00354644221955885    0.00302032063015795
12.5999999999998    -2.15184433690561e-06    -2.51607278166526e-06    1.39246721941806e-05    9.59554577825129e-06    0.00373157708800804    0.00309766677478857
12.6999999999998    -2.42000261071871e-06    -2.86317128647321e-06    1.54609098172438e-05    1.01577143570667e-05    0.00393203560014799    0.00318711564887704
12.7999999999998    -2.72535122958659e-06    -3.26221349625148e-06    1.72138225142148e-05    1.0825693317104e-05    0.00414895349295162    0.00329024051933397
12.8999999999998    -3.07348201153838e-06    -3.72151919089812e-06    1.92157030695941e-05    1.16192081124244e-05    0.00438357087581602    0.00340869392329662
12.9999999999998    -3.47088709482131e-06    -4.25083751118396e-06    2.15041137214833e-05    1.25608267893274e-05    0.00463725152158324    0.00354412312423086
13.0999999999998    -3.92511401273271e-06    -4.86160032665278e-06    2.41228370576795e-05    1.36761567069731e-05    0.00491149892101785    0.00369812561601352
13.1999999999998    -4.44494821213117e-06    -5.56721987245149e-06    2.71229569631698e-05    1.49943946971779e-05    0.00520796862563565    0.00387225563505831
13.2999999999998    -5.04062790692567e-06    -6.38344039826044e-06    3.0564093058514e-05    1.65492776343072e-05    0.00552847787827575    0.0040680753294397
13.3999999999998    -5.72409723482574e-06    -7.32875566539505e-06    3.45158280347236e-05    1.83804077120774e-05    0.00587501449099782    0.00428723150779356
13.4999999999998    -6.50930497813745e-06    -8.42490641547196e-06    3.90593823513402e-05    2.05348773113553e-05    0.00624974719331021    0.0045315346553135
13.5999999999998    -7.41255765063643e-06    -9.6974745714821e-06    4.42896030093783e-05    2.30691068868494e-05    0.00665503929840894    0.00480302122063148
13.6999999999998    -8.45293757805387e-06    -1.11765940766209e-05    5.03173421052914e-05    2.60508384448981e-05    0.00709346675844313    0.00510398996165186
13.7999999999998    -9.6527987695264e-06    -1.28978020817466e-05    5.7272307763482e-05    2.95612877989099e-05    0.00756784081406037    0.00543701401925831
13.8999999999997    -1.10383559729512e-05    -1.49030587831521e-05    6.5306477213256e-05    3.36975338188866e-05    0.0080812347675311    0.00580493856278648
13.9999999999997    -1.26403853954618e-05    -1.72419697377947e-05    7.45981721728837e-05    3.8575293343974e-05    0.00863701409015528    0.00621087723743221
14.0999999999997    -1.44950592778082e-05    -1.99732511407983e-05    8.53569131169139e-05    4.43322815169111e-05    0.00923886914130568    0.00665821917528628
14.1999999999997    -1.66449409383615e-05    -2.31664866265959e-05    9.78291934849167e-05    5.11323828739114e-05    0.00989085013691229    0.00715065354969801
14.2999999999997    -1.91401722383295e-05    -2.69042340956562e-05    0.00011230534851729    5.91708625660167e-05    0.0105974045016267    0.00769221286290261
14.3999999999997    -2.203989185158e-05    -3.12845534025666e-05    0.000129127736435616    6.8680842087632e-05    0.0113634172095714    0.00828733149839865
14.4999999999997    -2.5413930544691e-05    -3.64240411589198e-05    0.000148700502051673    7.99412668593813e-05    0.0121942550483335    0.00894091383185225
14.5999999999997    -2.93448392058362e-05    -4.24614780916956e-05    0.000171501254858294    9.32866206290918e-05    0.0130958158867138    0.00965840657934683
14.6999999999997    -3.39303170449973e-05    -4.95622181820567e-05    0.000198095066493761    0.000109118706134058    0.0140745840161387    0.0104458723771922
14.7999999999997    -3.92861217036667e-05    -5.79234779720908e-05    0.000229151278932981    0.000127920918533155    0.0151376925432386    0.0113100646949456
14.8999999999997    -4.5549560543023e-05    -6.77807199497332e-05    0.000265463719330876    0.000150275587625972    0.0162929937263969    0.0122585069808674
14.9999999999997    -5.28836838458979e-05    -7.94153669519872e-05    0.000307975046369949    0.000176885153902299    0.0175491381465282    0.0132995807115033
15.0999999999997    -6.14823268275976e-05    -9.31641366062201e-05    0.000357806114174801    0.000208598170910709    0.0189156637234407    0.0144426275779153
15.1999999999997    -7.15761793103355e-05    -0.000109430348046921    0.00041629144297314    0.000246441397945732    0.0204030958392028    0.0156980706758715
15.2999999999997    -8.34401007882787e-05    -0.00012869763022923    0.000485022142322115    0.000291659579138277    0.0220230601886226    0.0170775588436477
15.3999999999997    -9.7401946075669e-05    -0.000151546555707319    0.00056589795723081    0.000345764927824847    0.0237884104154042    0.0185941378253013
15.4999999999997    -0.00011385322466916    -0.000178674840241185    0.00066119051830287    0.000410598893948783    0.0257133730915666    0.020262452202294
15.5999999999997    -0.00013326198785937    -0.00021092189248692    0.000773620398541342    0.000488409549353551    0.0278137131606683    0.0220989832641418
15.6999999999997    -0.000156188424520331    -0.000249298675899255    0.000906451244897001    0.000581948963115985    0.0301069236235296    0.0241223301794453
15.7999999999997    -0.000183303753237475    -0.000295024064577938    0.00106360510757148    0.000694596364922619    0.0326124440559969    0.0263535448417085
15.8999999999997    -0.000215413129475063    -0.000349569145337038    0.00124980419729518    0.000830514856077054    0.0353519135900566    0.0288165344462113
15.9999999999997    -0.000253483447650707    -0.00041471125063896    0.001470745746896    0.00099485213137333    0.0383494653553054    0.031538550156149
16.0999999999997    -0.000298677115855747    -0.000492599914190938    0.0017333185581926    0.00119399941727757    0.0416320711732322    0.0345507852675175
16.1999999999997    -0.000352393123972866    -0.000585837438098247    0.0020458723447968    0.00143592804450514    0.0452299476440442    0.0378891124071449
16.2999999999997    -0.000416317023725573    -0.000697577365115733    0.00241855436782663    0.0017306303880109    0.049177037811995    0.0415949969807737
16.3999999999998    -0.000492481803652083    -0.000831644881056351    0.00286373243090625    0.002090702248652    0.0535115865264647    0.0457166339032502
16.4999999999998    -0.000583342086603484    -0.000992684050484335    0.00339652951423244    0.00253211846648046    0.0582768326716752    0.0503103671707569
16.5999999999998    -0.000691864617820221    -0.00118633782996867    0.00403550384033253    0.00307527460720339    0.0635218479240264    0.0554424675655456
16.6999999999998    -0.000821638664505758    -0.00141946801371093    0.00480351991149402    0.00374639779499051    0.0693025599916699    0.0611913629979637
16.7999999999998    -0.000977010729639533    -0.00170042362975164    0.00572887237757538    0.00457947328061284    0.075683008843528    0.0676504385801912
16.8999999999998    -0.00116324890599984    -0.00203936775704165    0.00684674739416542    0.00561889600761602    0.0827368977309889    0.0749315486745574
16.9999999999999    -0.00138674326334506    -0.0024486741201134    0.00820113814046775    0.00692314655970227    0.0905495173018019    0.0831694087676217
17.0999999999999    -0.00165524985153283    -0.00294340581579177    0.00984737624823149    0.0085699198566569    0.0992201410811358    0.0925270566853851
17.1999999999999    -0.00197818714822579    -0.00354188850711914    0.0118555044680776    0.0106633178860216    0.108865013864346    0.103202581904838
17.2999999999999    -0.00236699492781032    -0.00426638821076975    0.0143148054310635    0.0133439729839314    0.119621079940265    0.115437302963845
17.3999999999999    -0.00283556626347501    -0.00514389728083801    0.0173399268072448    0.0168033144561464    0.131650622373046    0.129525498558819
17.4999999999999    -0.00340076309671951    -0.00620701760256333    0.0210792170701211    0.021303638514192    0.145147000935194    0.145825619994134
17.6    -0.00408302341872764    -0.0074949009133155    0.0257261225943325    0.0272061670605452    0.160341671171578    0.164772550871936
17.7    -0.00490706166827082    -0.00905415191508901    0.0315348079062898    0.0350097768966285    0.177512615473024    0.186889805044917
17.8    -0.00590265017473839    -0.0109395037937327    0.038841546305621    0.0454032456934985    0.196994175108138    0.212799372532546
17.9    -0.00710544306499692    -0.0132139143306121    0.0480938523560349    0.0593330006196632    0.219187967358806    0.243224984505553
18    -0.00855775710420798    -0.0159474765390148    0.0598896734407235    0.0780850824477089    0.24457399337229    0.27898164893008
18.1    -0.0103091461322686    -0.0192141737572528    0.0750289398492907    0.103371982802523    0.273720041932107    0.320940490323906
18.2    -0.0124164870152339    -0.0230850661081746    0.0945788087395538    0.13739905228801    0.30728592481556    0.369954229616031
18.3000000000001    -0.0149431333571301    -0.027616116884727    0.119951006059541    0.182859430673035    0.346016919853658    0.426727993880462
18.4000000000001    -0.0179565092564244    -0.0328288667756066    0.152983321300259    0.242775758153136    0.390718421725394    0.491627932139098
18.5000000000001    -0.0215233671394608    -0.0386829388891765    0.196006172815517    0.320091260065877    0.442202349024173    0.564442105361368
18.6000000000001    -0.0257019088432746    -0.0450410204485783    0.251859412293029    0.416950004413274    0.501197390430997    0.644143858846938
18.7000000000001    -0.0305301355818983    -0.0516290131955001    0.323808266892569    0.533732926320038    0.568221944062283    0.728743693843382
18.8000000000001    -0.0360101658033902    -0.0579962493344473    0.415300345987468    0.668125528338853    0.643431126031591    0.815329358849533
18.9000000000002    -0.0420889411228588    -0.063485273206158    0.529522004728215    0.814698540645454    0.726464400891999    0.90037112388803
19.0000000000002    -0.0486371617561479    -0.0672312432630357    0.668763399467673    0.965514399700208    0.816331933691179    0.980303197806431
19.1000000000002    -0.0554309793617263    -0.0682241085278498    0.833684073703124    1.11192371694541    0.911378889502124    1.05226859116909
19.2000000000002    -0.0621444799041127    -0.0654665561376997    1.02265526767447    1.24696198100484    1.009352927024    1.11475383427567
19.3000000000002    -0.0683630268404631    -0.0582293012127385    1.23138822162697    1.36708178889445    1.10757154088943    1.1677718687204
19.4000000000002    -0.0736247123267856    -0.0463416991789109    1.45299690901775    1.47215330379506    1.20315265480011    1.21243793684966
19.5000000000002    -0.0774875488858862    -0.0303918875802093    1.67850534630756    1.56391064656131    1.29325211234129    1.25019477671706
19.6000000000003    -0.0796065530488559    -0.011708164092538    1.89767680150071    1.64423832159473    1.37525982934586    1.28222511303137
19.7000000000003    -0.0797962017430703    0.00790718971331881    2.09999594605056    1.71440238322167    1.44693763246311    1.30932801832563
19.8000000000003    -0.078058375929834    0.0265722725412111    2.27566715007576    1.77490287057767    1.50651055091657    1.33198978408607
19.9000000000003    -0.0745723048375477    0.0426634356216739    2.416525025485    1.82521530539573    1.55272792105901    1.35033149139635
20.0000000000003    -0.0696584754288185    0.0549932080679205    2.51675727402827    1.86351153269683    1.58489904121026    1.36399680342852
20.1000000000003    -0.0637319451954809    0.0628573762336652    2.57335314973261    1.88669109018073    1.60290092921996    1.37212974620979
20.2000000000004    -0.057254208027227    0.066027091265759    2.58622933148736    1.89071109813074    1.60715627340671    1.37344512862718
20.3000000000004    -0.0506873177202718    0.064709611083052    2.55803164558531    1.871292683325    1.59858138404262    1.36642063419669
20.4000000000004    -0.0444544324860348    0.0594555045582851    2.49366394047276    1.82518113060588    1.57850807533731    1.34968373094722
20.5000000000004    -0.0389123318452719    0.0510173305713501    2.39965326241655    1.75175130171101    1.54859261681274    1.32255379236248
20.6000000000004    -0.0343385333756369    0.0402079806370174    2.2834977638051    1.65432444034974    1.51073446671833    1.28557681942497
20.7000000000004    -0.0309307389222261    0.0277994150465526    2.15313254212091    1.54058840862125    1.46702959462672    1.24089306595867
20.8000000000005    -0.0288139996912809    0.0144683254997462    2.01659020213649    1.42196071437515    1.41977461435197    1.19237216586617
20.9000000000005    -0.0280513643766308    0.000778899244808702    1.88185772614519    1.31209973011243    1.3715213622477    1.14546895349826
21.0000000000005    -0.0286547943730555    -0.0128065567610016    1.75686714253532    1.22486072887777    1.32515887549183    1.10666016508307
21.1000000000005    -0.0305938845304736    -0.0258950789761075    1.64951462972613    1.17196254985489    1.28396987657634    1.08226244263566
21.2000000000005    -0.0338004020776641    -0.0381124999928464    1.5675812743537    1.16056468436113    1.25157453120982    1.07662069537299
21.3000000000005    -0.0381670731694926    -0.0490400851556457    1.51842711261344    1.19112082293975    1.23165351748741    1.09028248311512
21.4000000000005    -0.0435398195250551    -0.0581493804988181    1.5083590881775    1.25626565783666    1.22738069574734    1.11932314698851
21.5000000000006    -0.049704222636769    -0.0647566053461964    1.5416554554359    1.34153931067664    1.24063892639558    1.15643672232452
21.6000000000006    -0.0563698598032862    -0.0680334271650122    1.61936673708311    1.42825137522682    1.27129429165275    1.19315666532732
21.7000000000006    -0.0631606083013949    -0.0671242619787299    1.73816965369255    1.49802980690454    1.316882831254    1.22209825315248
21.8000000000006    -0.0696235331800147    -0.0614012868205955    1.88965907425995    1.5377628056707    1.3728844226254    1.23854458444074
21.9000000000006    -0.0752684286046778    -0.0508034216800827    2.06045334626087    1.54316128201072    1.43345317674358    1.24120114983685
22.0000000000006    -0.0796387663723477    -0.0360906993282184    2.23332959565035    1.51968677883753    1.49230937226201    1.23222734925805
22.1000000000007    -0.0823957287699784    -0.0188284388573724    2.38934420976949    1.48075148534381    1.5435527699596    1.21671565093657
22.2000000000007    -0.0833847009817862    -0.00106344844745519    2.51062255601951    1.44369081464965    1.58229881743674    1.20153638468714
22.3000000000007    -0.0826597027946649    0.0151584885399515    2.58328626062021    1.42408944904823    1.60513352533492    1.19325591105739
22.4000000000007    -0.0804604611932348    0.0282266098010076    2.59986236086485    1.4297849491693    1.61040009781713    1.19540294782489
22.5000000000007    -0.07715459275485    0.0372151339449533    2.56054958932197    1.45701640937115    1.5983105950155    1.2064955214076
22.6000000000007    -0.0731661263598269    0.0419055334672655    2.47296785987956    1.49116571388314    1.57086427734323    1.2204137167977
22.7000000000007    -0.0689123886868119    0.04260701639864    2.35045757578131    1.51260824689395    1.53157065082444    1.229143152382
22.8000000000008    -0.0647651843056631    0.0398723641772356    2.20945958920554    1.50536881028453    1.48501348819039    1.22628667319655
22.9000000000008    -0.0610394039993968    0.0342589578291596    2.06677449704722    1.46448719703117    1.43633167764504    1.20967496495531
23.0000000000008    -0.0579982801748447    0.0262426365309952    1.9374364599834    1.39812030840976    1.39070940871203    1.18213012500218
23.1000000000008    -0.0558600743660618    0.0162604426565214    1.83356946514958    1.32387069115229    1.35294091417231    1.15048089473789
23.2000000000008    -0.0547982650348133    0.00478254545412623    1.76414371229551    1.26212579906829    1.32707982519692    1.12343354335148
23.3000000000008    -0.0549352383863513    -0.00762706316292481    1.73524980328249    1.22996244196187    1.31614282008676    1.10901049132521
23.4000000000009    -0.0563285657718096    -0.0202127253534229    1.75044363844214    1.23668403362662    1.32184368634125    1.11187925574696
23.5000000000009    -0.0589449911479132    -0.0318925978655687    1.81079197656205    1.28119398486106    1.34436507860797    1.1314490032973
23.6000000000009    -0.0626250917475862    -0.0412404148140964    1.91442726334838    1.35239736570764    1.38221031729328    1.16219473148591
23.7000000000009    -0.0670585725947193    -0.0467240551792111    2.05572013465652    1.43256356769076    1.43220923139675    1.19598512965604
23.8000000000009    -0.0717938552398455    -0.0471244589295546    2.22447131480096    1.50200469374179    1.48973721076932    1.22465667805814
23.9000000000009    -0.0762914544125504    -0.0419700296975635    2.40566482258059    1.54510959964985    1.54914312978634    1.2423156266654
24.000000000001    -0.0800164726503946    -0.0318610571452792    2.58030194379846    1.55596063559912    1.60433765395663    1.24697454209647
24.100000000001    -0.0825501621874898    -0.0184866583307536    2.72757339506123    1.54042775084993    1.64947229918664    1.24100201221178
24.200000000001    -0.0836804736153635    -0.0041869406497564    2.82814846866376    1.51356415522355    1.67962675824103    1.23026282750945
24.300000000001    -0.0834328535762502    0.00874315234219375    2.86786869350595    1.49227811855489    1.69142178431344    1.22155707023537
24.400000000001    -0.0820347440914476    0.0186263103189483    2.84080981650622    1.48608763638671    1.68347263632887    1.21890963444819
24.500000000001    -0.0798394416002081    0.0246262542735824    2.75069505989187    1.49072993271773    1.65659914386578    1.2207061400346
24.600000000001    -0.0772456658637484    0.0266291316865311    2.61009047985019    1.48870839235269    1.61372971310423    1.21983576013261
24.7000000000011    -0.0746388882929668    0.0249658175103315    2.43759549805968    1.45931101613253    1.55949496133013    1.2077614516487
24.8000000000011    -0.0723593310532035    0.0201841982896002    2.25406466198132    1.39257694692174    1.49960954557873    1.17990234556134
24.9000000000011    -0.0706859971484134    0.0129537642434652    2.07922973585675    1.2971243093883    1.44021985323904    1.13883998409795
25.0000000000011    -0.0698266047207702    0.00402436046601554    1.92967477394588    1.19705642938345    1.38737126221464    1.09409333875419
25.1000000000011    -0.0699120077693676    -0.00582472886212418    1.81826008280972    1.12080034706857    1.34661516179619    1.05866256172694
25.2000000000011    -0.0709958406182515    -0.0158330680896715    1.75437555610391    1.09015653597651    1.32262434074034    1.0439855602121
25.3000000000012    -0.0730569934259753    -0.0252579441530494    1.74422784720174    1.11296926902977    1.31866998256322    1.0546711834913
25.4000000000012    -0.075998113499544    -0.0332992482373036    1.79058664933467    1.18083994518667    1.33596816432098    1.08615427322894
25.5000000000012    -0.0796351206832525    -0.0390099801548246    1.89184222485946    1.27181436997496    1.37313527098142    1.12707257593435
25.6000000000012    -0.0836812998250749    -0.0412979070484796    2.04069987126256    1.35836384747753    1.42607759652907    1.16475676875086
25.7000000000012    -0.0877413615222336    -0.0391419148817497    2.22326201806481    1.41893425544477    1.48847689654325    1.1905470028286
25.8000000000012    -0.0913399124263179    -0.0320517043254991    2.41941064844822    1.44618193944171    1.55276130453015    1.20214584293734
25.9000000000012    -0.0940004810700126    -0.0205625248684434    2.60502016038947    1.44754435244063    1.61126784550182    1.20296364658774
26.0000000000013    -0.0953595351309331    -0.00637470537206448    2.75577876249849    1.43940552859697    1.65731268068464    1.19973534236864
26.1000000000013    -0.0952657309558744    0.00808263471537489    2.85171284133154    1.43806137834647    1.68601224249321    1.19916472986931
26.2000000000013    -0.0938142584772297    0.0204449356701601    2.8811534586764    1.45092554400984    1.69480156466259    1.20437018753176
26.3000000000013    -0.0913033811327771    0.0290933568758933    2.84295282779455    1.47198261990094    1.68363194326678    1.21290403432697
26.4000000000013    -0.0881460794695054    0.0333282509437964    2.74627855055972    1.48469060074946    1.65484404680135    1.21802291786259
26.5000000000013    -0.0847921249332003    0.033033639730606    2.60815897908696    1.47262387617655    1.61275208095859    1.21306745683111
26.6000000000014    -0.0816912050856774    0.028282321662307    2.44979900832685    1.43043944712941    1.56305008087985    1.19567535619448
26.7000000000014    -0.079280559708854    0.0192735217392726    2.2929667056955    1.3674220393907    1.51217766765276    1.16920937849064
26.8000000000014    -0.0779613085489593    0.0065871059038312    2.15731121262044    1.303114506895    1.46670830330703    1.14152140449963
26.9000000000014    -0.0780452153833482    -0.00853524925674832    2.0587669648605    1.25875387296225    1.43271626961387    1.12190954291439
27.0000000000014    -0.0796837265017337    -0.0241461987820563    2.00866297650341    1.24700191924538    1.41503126475502    1.11643131464938
27.1000000000014    -0.082808146796978    -0.0378521092724639    2.0129492410019    1.2657362876488    1.41636579026251    1.12441251570428
27.2000000000015    -0.0871062965878743    -0.0472566479233029    2.07122793134185    1.29931125286126    1.43653765159031    1.13889334974277
27.3000000000015    -0.0920477433349776    -0.0504814381443199    2.1758462075338    1.3275024099004    1.47220019714737    1.1510664769262
27.4000000000015    -0.0969629793710843    -0.0467083998259292    2.31180556711602    1.33786188802595    1.51736737402236    1.15571632047473
27.5000000000015    -0.10117126392411    -0.0365704055532582    2.45830427360107    1.33216957677972    1.56463051515592    1.15361699979559
27.6000000000015    -0.104129189561544    -0.0221348861375128    2.59211267559501    1.32212634781899    1.60663305937487    1.14962445808824
27.7000000000015    -0.105550953299565    -0.00635731691964671    2.69203618275    1.32012867952765    1.63734394035204    1.1489509406625
27.8000000000015    -0.105454053366588    0.00780497700838755    2.7431680980913    1.3317916822611    1.6528906620584    1.15400639712048
27.9000000000016    -0.104117003824099    0.018191518247501    2.73970422636946    1.35255986341203    1.65192732161078    1.16285378791828
28.0000000000016    -0.101976487823771    0.0238197978802201    2.68559081460235    1.36920387549956    1.63560129937998    1.16988738463516
28.1000000000016    -0.0995106972441216    0.0247897548517408    2.59297864963834    1.36569233870943    1.6071951564052    1.16836544230126
28.2000000000016    -0.097151327631458    0.0218388768553731    2.47913811081535    1.33303738902743    1.57152783314671    1.15436582264251
28.3000000000016    -0.0952468909024342    0.0158183784930973    2.36295686470785    1.27650934130089    1.53423756129267    1.12971638927774
28.4000000000016    -0.0940679629506635    0.00742478888401884    2.2620487504193    1.21528396002898    1.5010662772728    1.10237417991307
28.5000000000017    -0.093820263629119    -0.00270064861346339    2.19092768355377    1.17321951743291    1.4772018960475    1.08314921591163
28.6000000000017    -0.0946377263768818    -0.0137240791032054    2.15997109300309    1.16566316973295    1.46663383083485    1.07957159067184
28.7000000000017    -0.096553865611743    -0.0244495017771485    2.17453866103149    1.19185933684376    1.47146729901378    1.09144929277846
28.8000000000017    -0.0994617441648844    -0.0332683988984134    2.23391717487504    1.23563983698383    1.4913163770048    1.11109542822323
28.9000000000017    -0.103079249885623    -0.0383420850193469    2.33035853142613    1.27333169729268    1.52306703715534    1.12776840787861
29.0000000000017    -0.106949378783135    -0.0381250975439016    2.44896372511816    1.28836823268401    1.56125768388696    1.13442263271731
29.1000000000017    -0.110504784510194    -0.0320640829265045    2.56933852041363    1.2816510953492    1.59910200206678    1.13164614166058
29.2000000000018    -0.113191823043768    -0.021009142503748    2.66932819318712    1.26719969108632    1.62988214432306    1.12550357930021
29.3000000000018    -0.114606751694491    -0.00703014499563496    2.72993715465201    1.2599478317233    1.64827256457118    1.12245196279602
29.4000000000018    -0.114588701391533    0.00720298806979393    2.73980169603336    1.26570626809017    1.65126349367591    1.12501305994777
29.5000000000018    -0.113245381770397    0.0190811611876804    2.69777558005208    1.27968019252959    1.63858202832808    1.13106856636427
29.6000000000018    -0.110923479117616    0.0264828174079772    2.61296692855964    1.28872981716998    1.61265709632894    1.13491342293239
29.7000000000018    -0.108146329471781    0.0280347366650787    2.50233302261692    1.27847022454271    1.57817533691244    1.13034697243051
29.8000000000019    -0.105527525313071    0.0233383087538853    2.38671748945501    1.24499021428702    1.54129213027781    1.1155471920235
29.9000000000019    -0.103665685477204    0.0130986740593509    2.28672804889916    1.20034754474052    1.5086356334628    1.09552543077667
30.0000000000019    -0.103035714762547    -0.000941628607109188    2.21952474718736    1.16461239651625    1.48623968076173    1.07917167765459
30.1000000000019    -0.103895732212461    -0.0162355940146854    2.19669465747409    1.15316779664971    1.47847906116459    1.07373376687925
30.2000000000019    -0.106223045923984    -0.0297835068568674    2.22287373034713    1.16851434082539    1.48714168620941    1.08056803744359
30.3000000000019    -0.109694196750893    -0.0386787989686512    2.29485535776417    1.19911872109474    1.51090123468192    1.0943594800636
30.400000000002    -0.113729981737158    -0.0408390145675309    2.40133472177946    1.22730207579212    1.54544498867916    1.10708366923249
30.500000000002    -0.117613358157756    -0.0356838351585191    2.52389837966492    1.24028901728106    1.58431861620312    1.11311081262803
30.600000000002    -0.120660866112809    -0.0244798020608828    2.63982525566959    1.23831572039201    1.62026732703542    1.11252706020261
30.700000000002    -0.122399831218216    -0.0100729710077967    2.72662775189826    1.23253198925439    1.64670763440752    1.1101488749305
30.800000000002    -0.122685050145297    0.00402581249249452    2.76724596633505    1.23372727837315    1.6589738830994    1.11072547067532
30.900000000002    -0.121705468384516    0.0148305002775743    2.75415267194141    1.24311397393419    1.65509529964492    1.11485157316824
31.000000000002    -0.119886151456582    0.0206707402434593    2.69097956951658    1.25120733846662    1.63603388724241    1.11838278731586
31.1000000000021    -0.117749373149816    0.0212222569330239    2.59126535022915    1.2440069709323    1.60542842735264    1.11514868369333
31.2000000000021    -0.115799723599181    0.01707714424207    2.47496954622481    1.21490295056739    1.56893593567079    1.10209406209812
31.3000000000021    -0.114456308138289    0.00929258761866688    2.36412528513837    1.1714441672776    1.53330526597469    1.08229285089247
31.4000000000021    -0.114020136120652    -0.000845308940436362    2.27888938076202    1.13096365791989    1.50528694584157    1.06346741528487
31.5000000000021    -0.114654906163974    -0.0118773145098095    2.23453835951143    1.11039250389702    1.49043369929828    1.05368469349092
31.6000000000021    -0.116370480533065    -0.0221899436776378    2.23937061937863    1.11595591391309    1.49192108726941    1.05615506452067
31.7000000000022    -0.119010599374269    -0.0300931377835681    2.29330030622019    1.14013785688091    1.50968102043338    1.06734823742734
31.8000000000022    -0.122252806537543    -0.0339894267524264    2.38724140718327    1.16661051731432    1.54022584658126    1.07956252073854
31.9000000000022    -0.125632767596771    -0.0327170804952951    2.50380237494058    1.18174692610681    1.5773454861401    1.08658939749598
32.0000000000022    -0.128612993068742    -0.0260529766673291    2.61994504769463    1.183183539088    1.61350666119125    1.08743035707799
32.1000000000022    -0.130693767003187    -0.0149849243820874    2.71164677888824    1.17870279063929    1.64151330124211    1.08557737756484
32.2000000000022    -0.131529097700029    -0.00153861379945866    2.75956913870959    1.17964009340634    1.65597984141348    1.08611128622895
32.3000000000021    -0.131009524325369    0.0116518638749016    2.75403866498766    1.19049959368727    1.6543503768923    1.09103795889763
32.4000000000021    -0.129302700425474    0.0217414709030406    2.69754316053819    1.20279574306854    1.63732219559892    1.09650492543878
32.5000000000021    -0.126852014282615    0.0261594138627629    2.60379556736155    1.20165451219439    1.60863424489036    1.0958878579767
32.6000000000021    -0.124315384415353    0.0233173278106829    2.49391086850073    1.17891127033468    1.57431145384209    1.08552640343681
32.7000000000021    -0.122429404190389    0.0133261443571736    2.39128393681794    1.14185358948149    1.5415235897668    1.06849239742642
32.800000000002    -0.121821497855163    -0.00176026332706644    2.31678586964212    1.10830272854215    1.51721633009352    1.05275810612655
32.900000000002    -0.122832926063738    -0.0183926769269949    2.28510412381606    1.09429481377096    1.50665729218382    1.04592376548504
33.000000000002    -0.125410552428201    -0.0323930406372372    2.30235947585777    1.10332354487743    1.51216125766977    1.04989248773182
33.100000000002    -0.129095382226747    -0.0400123027291703    2.36492491693402    1.1241959950146    1.5324031125072    1.05952584236766
33.200000000002    -0.133124298410236    -0.0391109021515909    2.45959700964535    1.14053288309924    1.56264997066462    1.0672409383228
33.3000000000019    -0.136641071312673    -0.0300533192076639    2.56566633249001    1.1445600920954    1.59593093526021    1.0694189497573
33.4000000000019    -0.138953451151777    -0.0156448309722754    2.65923726766012    1.14042978089819    1.62478589545611    1.0677944653172
33.5000000000019    -0.139728190396758    -1.23408775005857e-05    2.71904745349584    1.13820182043022    1.64302266761731    1.06686541807199
33.6000000000019    -0.139046394401366    0.0129298127438825    2.73204796614935    1.14383188921168    1.64703189597328    1.06942260549985
33.7000000000019    -0.137317970131043    0.0206503969267888    2.69678245496023    1.15267215950194    1.63643705349131    1.07342709142666
33.8000000000018    -0.135121131358305    0.022273865182592    2.62337606601749    1.15244158889186    1.61403790100417    1.07328722335715
33.9000000000018    -0.133056846613756    0.018130579912382    2.53031033052283    1.1330418011584    1.58512024972619    1.06428994321587
34.0000000000018    -0.131650177387168    0.00936667510781123    2.43940794010052    1.10005077877813    1.55630208214679    1.04879123002415
34.1000000000018    -0.131279162062172    -0.00225081551836016    2.37094146141499    1.07089550078353    1.53417966451887    1.03483836158747
34.2000000000018    -0.132122220015728    -0.0145357801052209    2.33982724096237    1.0602901514857    1.52393272815452    1.02960131244207
34.3000000000017    -0.134129665648453    -0.0251578915058754    2.35294494694093    1.0690767584501    1.52805568607102    1.03365557075124
34.4000000000017    -0.13702276146098    -0.0319096086706673    2.40754806060997    1.08633767908486    1.54556553515261    1.04178666528198
34.5000000000017    -0.140322267744268    -0.0330671301842134    2.49123003883413    1.09941441352695    1.57211313206437    1.04800810036389
34.6000000000017    -0.143424036140745    -0.0279615157341275    2.58409204677453    1.1010533335935    1.60110011949023    1.04893826664459
34.7000000000017    -0.145732452806952    -0.0174832538275645    2.66318930490292    1.09534960474839    1.62540805864306    1.04644347223536
34.8000000000016    -0.146819297525524    -0.00401653380719038    2.70854367949059    1.09477440296603    1.63920339597156    1.04630696758753
34.9000000000016    -0.146540894072641    0.00928833957250555    2.70898088982526    1.10468763154804    1.63936166119305    1.0510001704548
35.0000000000016    -0.14506898187304    0.0193910892721967    2.66541687479513    1.11605877167284    1.6261524729537    1.05625884958645
35.1000000000016    -0.142852847737612    0.0238221816686303    2.5902416012417    1.1135280312697    1.60307038683114    1.05496944739184
35.2000000000016    -0.140548052024079    0.0210048486279896    2.50332973677518    1.09119335880331    1.57593654118667    1.0443908057511
35.3000000000015    -0.138895881108713    0.0109376120017386    2.42655820095819    1.06066092223228    1.55153670119956    1.02982585463562
35.4000000000015    -0.138531932319407    -0.00421997875336398    2.37869454788317    1.03960322681638    1.5360675283369    1.01960061720053
35.5000000000015    -0.139772916749029    -0.0203634345997117    2.37140326926375    1.0373029688805    1.53357973415379    1.01827712309165
35.6000000000015    -0.14247140478162    -0.032570003910946    2.40662637565975    1.05071410310909    1.5447745060297    1.02452588935289
35.7000000000015    -0.146019758565446    -0.0368811780971819    2.47580344760636    1.06680482617397    1.56667854958024    1.0322037613166
35.8000000000014    -0.149535760721304    -0.0319740939477589    2.56138419543849    1.07477509870981    1.59343128239155    1.03622041864944
35.9000000000014    -0.152165457436234    -0.0197013456613215    2.64092482268057    1.07402126842389    1.61795256303879    1.03616269253579
36.0000000000014    -0.153367230334326    -0.00421316870857817    2.69315667240827    1.07122217841286    1.6339018223467    1.03499006160557
36.1000000000014    -0.153059129525795    0.00975419833566737    2.7042224719824    1.07374708702656    1.63731346261222    1.0361717727488
36.2000000000014    -0.151591697048261    0.0185120387621515    2.67189539189393    1.08101066071547    1.62754887769306    1.03955180974127
36.3000000000013    -0.149588502435839    0.020377694956245    2.6060858757182    1.08134454581582    1.60739203545905    1.03967749584383
36.4000000000013    -0.147735571630822    0.0156986038711993    2.52542608098622    1.06586349753614    1.58227692957369    1.03228729110294
36.5000000000013    -0.14661417811214    0.00607591117958623    2.45161165202655    1.03843221854459    1.55888291247388    1.01901683099345
36.6000000000013    -0.146609412478074    -0.00620537576427251    2.40367596630337    1.01466760546472    1.54343177577637    1.00728799197466
36.7000000000013    -0.147848272578881    -0.0182885167143121    2.39368745743346    1.00748162847265    1.54007413643918    1.00356721679668
36.8000000000012    -0.150158628730917    -0.0271666848199994    2.42419383351908    1.01661738158513    1.54972456253901    1.00790840497588
36.9000000000012    -0.153094674076639    -0.0305127621919638    2.48743725120723    1.03013316749526    1.56971311773094    1.01449600237688
37.0000000000012    -0.156041222657083    -0.0273459289608294    2.56670485068007    1.03638291851613    1.59447671275304    1.01766159340195
37.1000000000012    -0.158366572178087    -0.0183421330112755    2.64023444703821    1.03486959782819    1.61714392552264    1.01712003420677
37.2000000000012    -0.159589334251431    -0.00578550294400632    2.68728199606107    1.03377436089274    1.63150643285715    1.01673048978007
37.3000000000011    -0.159514865008704    0.00702079357027349    2.69457672355458    1.03929500591433    1.63374775635526    1.01943401668376
37.4000000000011    -0.15828927626782    0.0167172382341397    2.66060751176665    1.04598932050393    1.62343833168533    1.02259955723135
37.5000000000011    -0.1563664530168    0.0205936662105764    2.5959177979612    1.04463808398896    1.60357953664049    1.02186789014088
37.6000000000011    -0.154416649818037    0.0171395359476402    2.51959799629215    1.03013167771814    1.57979539642041    1.01480929933936
37.7000000000011    -0.153173035179989    0.00670739783620016    2.45345987627431    1.00893857799719    1.55884505245649    1.00443695113803
37.800000000001    -0.153223918408791    -0.00814262017021776    2.41596187316087    0.993748906274015    1.54676575601748    0.99683629749863
37.900000000001    -0.154798595204358    -0.0229026645703126    2.41742425953728    0.993338895946774    1.54708165733423    0.996400704487082
38.000000000001    -0.157627876505211    -0.03243932520422    2.45736880534855    1.003668804487    1.55965453158608    1.00130739269582
38.100000000001    -0.160989804077348    -0.0332006963544767    2.52436396132907    1.01281012515668    1.58064741302803    1.00583688484677
38.200000000001    -0.16396052476712    -0.0248667849187179    2.59877863327078    1.01522255368142    1.60371306024141    1.00727563094181
38.3000000000009    -0.165759765731354    -0.0105135760937401    2.65842355998657    1.01421504908197    1.6220195005151    1.00702756357495
38.4000000000009    -0.166031022360176    0.00478987243477954    2.68552478808552    1.01451399035796    1.63032465714641    1.00721946341402
38.5000000000009    -0.164937454409696    0.0160619351016979    2.67247548812683    1.01823481118254    1.62642894842034    1.00894837599519
38.6000000000009    -0.163061509534494    0.0201133525431353    2.62422723822039    1.01908807118298    1.61171901469478    1.00929853077891
38.7000000000009    -0.161178183530809    0.0163234024491403    2.55631956910187    1.01004479445598    1.59070461187977    1.00487727658081
38.8000000000008    -0.160002982004989    0.00637980465741903    2.48960334689345    0.992405703587631    1.56971411175505    0.996175186239932
38.9000000000008    -0.160004472420548    -0.0066260793586591    2.44385113839243    0.97474380065954    1.55507225143974    0.987268907507915
39.0000000000008    -0.161307768567042    -0.019040157861414    2.43221262571491    0.967336519211352    1.55119064899026    0.983348357195945
39.1000000000008    -0.163676514654982    -0.0274309593065771    2.45779452227517    0.972946719387116    1.55916789372587    0.985999118589178
39.2000000000008    -0.166581293051137    -0.0295216902253512    2.51285234882486    0.983129905624488    1.57642095318169    0.991089489113231
39.3000000000008    -0.16935152693343    -0.0248121962034573    2.58067340465691    0.987127648304485    1.59749599842448    0.993233106186079
39.4000000000007    -0.17135864575202    -0.0146193378343202    2.64014537078647    0.983936028848165    1.61579131861528    0.991827759144425
39.5000000000007    -0.172185166223626    -0.00176102680301519    2.67237520871976    0.983608834955347    1.62564678735951    0.991768992124651
39.6000000000007    -0.171741238801587    0.0101761040845391    2.66728545395947    0.987737691634258    1.62412758145854    0.993797835849887
39.7000000000007    -0.170297138763019    0.0177117785111653    2.62709095904547    0.98971055572948    1.61185912646689    0.99468429596101
39.8000000000007    -0.168433277747515    0.0182539657317655    2.56532190445486    0.98244743321576    1.59278125786377    0.991016763708275
39.9000000000006    -0.166910198749147    0.0109382464526026    2.50206669924625    0.965943890604229    1.57296143779807    0.982763575519958
